baseMean	log2FoldChange	lfcSE	stat	pvalue	padj
151.939178606038	-7.88698876244929	0.641400135792239	-12.2965186976574	9.456260849439e-35	9.72481865756307e-31
1257.53252242733	-4.43625043016669	0.363212074090101	-12.2139398622145	2.61893019242407e-34	1.34665390494446e-30
22471.0869308297	-8.32706882477803	0.687749412984652	-12.1077076440396	9.61436679683119e-34	3.29580493795373e-30
1752.8475819125	-6.49662452951705	0.549750595541249	-11.8174033501881	3.17342205910609e-32	8.15886811396175e-29
2089.32700236725	-5.39264682460143	0.463775909719965	-11.6276993081801	2.98021832484649e-31	6.12971305054426e-28
565.356544807322	-5.65896491095207	0.529846813971892	-10.6803792374078	1.2575686199212e-26	2.15547261454493e-23
471.228730761344	-6.90312333330535	0.660325724587252	-10.4541184392298	1.40297381697501e-25	2.06116896196728e-22
106.469522604129	-4.6505584699161	0.477230209424221	-9.74489539446173	1.93978543113329e-22	2.49359417172184e-19
1080.64412212338	-4.16439124250938	0.481090892488316	-8.65614233719987	4.87999180945268e-18	5.57620397426793e-15
2138.64317220117	-3.67702784583067	0.426140889743257	-8.62866703086395	6.20711029566036e-18	6.38339222805712e-15
108.250483208079	-3.58727539783392	0.431036109387146	-8.32244751590386	8.61652795889197e-17	8.05567032084046e-14
26.1685344070805	3.58676272041401	0.433041956758935	8.28271409832623	1.20399233284031e-16	9.52450550071517e-14
1220.25065415522	-7.1946344307324	0.868615938940709	-8.28287175976343	1.20239882861731e-16	9.52450550071517e-14
1421.95038941927	-3.34639592688056	0.407966892807983	-8.20261640312955	2.35210804143152e-16	1.7277913641487e-13
81.9822252249467	1.007040648811	0.125053420014645	8.05288370916253	8.08657311600082e-16	5.19764487030953e-13
12.3021371055982	7.40293484589542	0.925952987221498	7.9949359719756	1.29641221285258e-15	7.84253129233876e-13
1812.24205043058	-1.29725605846079	0.162920533626658	-7.96250803740626	1.68586657303553e-15	9.6319176872763e-13
214.581020202313	1.07905582755602	0.136364302734687	7.91303739993784	2.51183857538007e-15	1.35956567943203e-12
46.0527363573377	-5.01742806670234	0.644929532553249	-7.77980820143025	7.26345846143721e-15	3.73487034087102e-12
11.6449275754078	3.93428887051042	0.509091482685651	7.72805871698255	1.09198978740328e-14	5.3476299874549e-12
8290.93438255114	-5.91101259501678	0.770427788735882	-7.6723771928263	1.68837583499055e-14	7.89238958501945e-12
17232.6518029768	-5.09135013301492	0.685267403328754	-7.42972758996442	1.08821557118957e-13	4.86574301483199e-11
111.746441071211	-7.12063947062444	0.967463532129711	-7.36011150203205	1.83756673266247e-13	7.87397344945867e-11
13.3732284416097	3.47044650702951	0.47612549119586	7.28893237434729	3.12420810944817e-13	1.2851742479026e-10
422.865225809768	-3.27379199565146	0.451382295511269	-7.25281436203279	4.08199389473828e-13	1.61458558513417e-10
141.920714423313	1.09865639796037	0.152343588102933	7.21170094285854	5.52572280907154e-13	2.10468642105525e-10
193.632373948306	-5.60400758259502	0.797041673618507	-7.03100950437544	2.05044533895015e-12	6.58961870805105e-10
22.8675188225351	-4.88341934423183	0.694434077916389	-7.0322288314022	2.03260079514515e-12	6.58961870805105e-10
962.188127232988	-2.62604517522434	0.373830131498578	-7.02470174005844	2.14524008325527e-12	6.68534818672642e-10
156.974691113639	6.01523699517581	0.873701856082809	6.8847707639592	5.78806642375129e-12	1.75071985593701e-09
387.614145024207	-1.69263925491145	0.251728931584486	-6.72405529335574	1.76735314384592e-11	4.91228641386794e-09
18.9510111178844	6.33200662584905	0.948865747417414	6.67323764513922	2.50220705586152e-11	6.43317434061996e-09
43.394689340592	-5.49494577170831	0.824126615262363	-6.66759897077099	2.60022113031785e-11	6.52211563516799e-09
22645.6606892277	-6.3445512692716	0.953592925169057	-6.65331201796281	2.8656976658619e-11	7.01686542755329e-09
734.781639860668	1.21135145020906	0.183168897768123	6.6133031588285	3.75837653748369e-11	8.78435097988234e-09
219.81869383929	1.03727087053406	0.156786049286656	6.61583651895961	3.69456490106788e-11	8.78435097988234e-09
18.4007462665161	2.53302540500247	0.389202765010471	6.50824103198322	7.60358491308481e-11	1.53324053423851e-08
59.3536054530102	1.0482485857247	0.163261205606238	6.42068384728777	1.35663517608227e-10	2.6323841794019e-08
110.082155643121	1.21224344628145	0.18892622162098	6.41649124129222	1.3945096920343e-10	2.65576623571867e-08
384.151755810489	-2.79377083282626	0.437409065304192	-6.38708946483165	1.69072734337081e-10	3.1613527271319e-08
38401.943298487	-2.40130975589288	0.381155827104436	-6.30007357918453	2.97504383968128e-10	5.27506049091074e-08
30.2467866267417	1.19044132080893	0.190070178292936	6.26316727590069	3.77235569529565e-10	6.46581766173675e-08
53.0158326396039	-1.97536332455406	0.319003254760237	-6.19229833889547	5.92931858159976e-10	9.52767379580812e-08
40.9431131430424	-4.12803927130375	0.666598088303452	-6.19269593438222	5.91437578614688e-10	9.52767379580812e-08
8210.09333937307	-1.60919990409588	0.261544943858591	-6.15267066667489	7.61889118865509e-10	1.20542579975583e-07
21.1757674862504	1.27316464486023	0.207184952463542	6.14506328631305	7.9931638835838e-10	1.22689100565337e-07
1316.30739019457	-1.25282683387314	0.204737390311615	-6.11918923048843	9.40526621846502e-10	1.42240820280433e-07
4.33332208325213	3.74981339010531	0.617436670426855	6.07319514649647	1.25389922052132e-09	1.81621120899173e-07
1881.8050535233	-4.38829673215351	0.722428517790889	-6.0743680849871	1.24476911625707e-09	1.81621120899173e-07
11661.1903724104	-3.85062212794755	0.634799181028374	-6.06589019492676	1.31224765151105e-09	1.84825374888205e-07
43.4757746845761	-2.8716376644966	0.473575486551004	-6.0637379806341	1.32993754781478e-09	1.84825374888205e-07
47.8974853014763	1.36529795926358	0.226457481408828	6.02893731207219	1.65041284505598e-09	2.21034650006897e-07
8550.57896013149	-1.68243428522928	0.280163574154521	-6.0051856859213	1.91113056863098e-09	2.4878565528862e-07
516.433455141214	-2.54155397334651	0.4239116673708	-5.99548011761465	2.02885118682352e-09	2.60808820066163e-07
314.209369278695	-2.34256093398504	0.395034430198516	-5.93001711979342	3.02903097228693e-09	3.79884811207303e-07
70.248790700504	1.52356830244012	0.257408977237271	5.91886234424429	3.24176142880833e-09	3.98633424824212e-07
102.467516527146	-2.60023810626816	0.439367534394372	-5.91813892178527	3.25604897756065e-09	3.98633424824212e-07
5741.44863945589	-3.39774126943545	0.574575020816136	-5.91348587449773	3.34942264047997e-09	4.05240734525835e-07
1166.58154027804	-1.57962728469326	0.267225911960118	-5.91120551561262	3.39612986572365e-09	4.06113948129093e-07
1180.82552937803	-3.56248951195307	0.612876191153412	-5.81273928303299	6.14587417797634e-09	6.87001848329443e-07
202.331441790321	-1.28920912674142	0.223282754179655	-5.77388581342969	7.74639424547444e-09	8.39322403976044e-07
14355.9039634756	3.55110181855411	0.615044205751077	5.77373428665601	7.7533672090358e-09	8.39322403976044e-07
199.209054735728	5.1888946211615	0.902628828901591	5.74864712384144	8.99603474758693e-09	9.4403287085902e-07
14.7240156330894	3.13520935016318	0.545581260421169	5.74654882343816	9.1083339560333e-09	9.46162690947944e-07
12.606338930415	2.49502074403093	0.434574349552227	5.74129777010937	9.39537135326494e-09	9.66219989969766e-07
8552.05438531456	4.33487989359697	0.755395016661043	5.73856035317492	9.54847366371853e-09	9.72242605521597e-07
114.132604033425	-1.11723497541034	0.19502113978006	-5.72878907727812	1.01150067411703e-08	1.01983067966859e-06
17.1475484736001	1.48469087374596	0.260335337629445	5.70299402019421	1.17721113715428e-08	1.16408070523987e-06
30.7421929288707	1.0054164129216	0.177049304952962	5.67873685349238	1.356930428256e-08	1.32901643087473e-06
523.496326140129	-2.07413429057119	0.36683592567903	-5.65411985407884	1.56646878713372e-08	1.46661848211759e-06
149.205777625314	1.01708865654618	0.179892402102331	5.65387222950982	1.56872844256063e-08	1.46661848211759e-06
21525.891512428	-2.84132599712389	0.502354639735568	-5.65601623311277	1.54926820822303e-08	1.46661848211759e-06
80.5720847941643	-1.19759019019513	0.212325107911994	-5.64036068071384	1.69694324574383e-08	1.57219498551618e-06
1106.38063953407	-3.42155030564978	0.609367237003849	-5.61492331368673	1.9664943872391e-08	1.74339898951439e-06
39.7093103612661	1.02188851384374	0.181991862410209	5.6150231131786	1.96535972488302e-08	1.74339898951439e-06
6.81218150149413	-6.44325101866285	1.14724156469023	-5.61629844748746	1.95091575803676e-08	1.74339898951439e-06
292.077474159781	-1.08194413466699	0.193109559854231	-5.60274766036283	2.10980266447955e-08	1.83087389522085e-06
31.5639206015344	1.05124153128808	0.188492346146206	5.57710460281858	2.44554827272646e-08	2.07851392038999e-06
13.5601570770199	-6.31462747309018	1.13213649772573	-5.57762026555561	2.43831203423419e-08	2.07851392038999e-06
15.1988927588546	2.33500927240667	0.419722418153935	5.56322267149022	2.64837602231965e-08	2.21884771901919e-06
171.09828434554	-1.44776509084552	0.260824152485561	-5.55073246495326	2.84475151826932e-08	2.34043396911054e-06
57.6063735352025	-3.53381629382109	0.637170911773381	-5.5461042375361	2.9210472367258e-08	2.38413093511811e-06
12.9119157797252	1.41018959155739	0.254879900245384	5.53276107766732	3.15228729753304e-08	2.5326658256117e-06
713.306591203466	-1.40288843959717	0.254310439058965	-5.51644063369295	3.4593427149478e-08	2.71571606721551e-06
68.7881049052444	-1.05115166858175	0.191227839613988	-5.49685480264588	3.86624777034536e-08	2.96720090076356e-06
761.769216945521	2.3306273868094	0.42429779807285	5.49290474142231	3.95376079142533e-08	3.01188710955689e-06
707.147099220458	-1.24124392588495	0.228604647860535	-5.42965306043207	5.64637094532895e-08	4.2077738262147e-06
141.288133042046	-2.24425755771083	0.413645805475239	-5.42555376605934	5.77751347786831e-08	4.27452867671926e-06
71.4905139935725	-2.35692583999708	0.434907149834316	-5.41937708059063	5.98070534760302e-08	4.38942330075608e-06
328.568660850774	-1.31782202488795	0.243503026326202	-5.41193284030306	6.23480743262783e-08	4.51540560824962e-06
565.114359713408	-1.54840638561005	0.288049653686716	-5.37548428124169	7.63771152779575e-08	5.34328063618037e-06
254.700795195958	-3.96648432636907	0.738505380257692	-5.37096198945093	7.83177176441919e-08	5.3694627216858e-06
12.9415662225577	2.23445044277729	0.416882651513775	5.35990268403735	8.32667938033784e-08	5.52461746757383e-06
10.4521964782708	2.01151323421284	0.376081557187124	5.3486090869699	8.86327475328146e-08	5.79176800144809e-06
511.383460881336	-2.15212161061989	0.402424022207715	-5.34789548301132	8.89828222704004e-08	5.79176800144809e-06
28.9402754712701	-2.56555891789602	0.480136498338287	-5.34339490285619	9.12217286557709e-08	5.86327660934968e-06
3336.10391244062	-1.38860783648337	0.261680866962534	-5.30649356447671	1.11754104655655e-07	6.80046871170864e-06
14.064459193326	-6.21247809777251	1.17148996620845	-5.30305702735068	1.13879326948686e-07	6.88902940200172e-06
617.887102357426	-3.70466811066638	0.69990339230197	-5.29311352311323	1.20251218852062e-07	7.23195049517314e-06
7.27188200533514	-4.00560601638441	0.757063876819331	-5.29097496133781	1.21666023914061e-07	7.23244734064857e-06
58.7716039508631	-2.3440914628721	0.446111801780352	-5.25449327616363	1.48432568207745e-07	8.57573332274409e-06
26.4450113093083	2.30427336730427	0.439463333623636	5.24338025724277	1.57661142157732e-07	9.01246421380049e-06
47.007516958691	2.45345036918121	0.467923797836087	5.24326905476316	1.57756234189218e-07	9.01246421380049e-06
34.8304482352483	-1.46343913248525	0.279161821521013	-5.24226101016142	1.58620772335462e-07	9.01246421380049e-06
19.1331038070534	1.42163374901335	0.271486736709163	5.23647588182663	1.63671618459565e-07	9.19780832917032e-06
595.750795399958	-3.76689650424149	0.72059895156874	-5.22745210222825	1.71861900613469e-07	9.60558579298321e-06
5.42520860302152	3.06019316559972	0.587252072186928	5.21103851401249	1.87786459291577e-07	1.04388970127275e-05
644.218271084228	2.09123671702027	0.402494745397878	5.19568700195831	2.03965185984702e-07	1.11927405144461e-05
315.149414522605	-2.49372367964369	0.480157564633902	-5.19355283206886	2.06318357162677e-07	1.11927405144461e-05
6.4741114631779	3.85540760654737	0.742286219068318	5.19396360528757	2.05863402189587e-07	1.11927405144461e-05
901.09205257553	-2.78798223473028	0.537320601234081	-5.18867549155389	2.11795107377173e-07	1.12435354256344e-05
84.4112943256181	1.09719889695512	0.211429791668292	5.18942429209074	2.1094524615916e-07	1.12435354256344e-05
74.9618303917143	-3.10523466187487	0.598351144619317	-5.18965274788683	2.10686613959072e-07	1.12435354256344e-05
126.070025198393	-1.20046493763358	0.231535352334434	-5.18480191266691	2.16244577759361e-07	1.14044063470629e-05
35.7590664861871	-4.0277213856005	0.778491207214895	-5.17375321425908	2.2943782527995e-07	1.19168615918132e-05
162.89165320372	1.45207640330682	0.28115815869814	5.16462481483886	2.40921671138097e-07	1.2388192329921e-05
146.490485015875	-1.34487744897236	0.260563093363629	-5.1614272444007	2.45074137773653e-07	1.25390170789266e-05
25.37915862891	2.05879783749214	0.400330457374414	5.14274594792228	2.70751642381189e-07	1.37163048780697e-05
20.3356644150402	1.71476998761548	0.333532402363479	5.14123957811674	2.72931761413293e-07	1.37589717371289e-05
12.4739909058785	2.14277163599896	0.417100164673827	5.13730709666493	2.7870331329116e-07	1.39813896287136e-05
33.9594722917165	1.32812343693954	0.259092062497873	5.12606763841111	2.95856355998591e-07	1.4698486787872e-05
1393.98136622544	-1.36066871695681	0.265875152392318	-5.11769792969991	3.092874210659e-07	1.52187169293862e-05
261.72829215896	-2.24199379187703	0.438525012537393	-5.11257904972035	3.17789931425169e-07	1.55626269275068e-05
106.60591444085	2.26523960181934	0.443671800210568	5.10566504507217	3.29633135077144e-07	1.591524488795e-05
175.517394160882	-3.30254099549134	0.647546820634967	-5.10008062776521	3.39508825693928e-07	1.61643924233165e-05
1978.41336314389	-2.76149306842315	0.542415843023291	-5.09109957598451	3.55993001245817e-07	1.67937248844587e-05
27.5581734145388	1.69500799045461	0.333609243838256	5.08081841783858	3.75812221318385e-07	1.76477300641017e-05
146.007865483244	-5.03507459074912	0.991421194469661	-5.07864328383913	3.80139684967459e-07	1.77698023645697e-05
1400.05005922013	-2.58242766005717	0.509465957375777	-5.0688914983821	4.00139236846365e-07	1.85361797825586e-05
1450.35361360774	-1.01220267697139	0.199906948308478	-5.06336916018275	4.11911116979566e-07	1.89111336027583e-05
6.02261298127271	-3.49045900338208	0.690537454206948	-5.0546990349578	4.31069999912876e-07	1.95291800841587e-05
129.863861378157	2.11144443653273	0.41821749731062	5.04867551001699	4.44883643231663e-07	1.98921016825844e-05
1213.37350801721	-1.49782020053275	0.297374891092366	-5.03680789938488	4.73359411881622e-07	2.09828801370284e-05
36.1375592982708	-3.41449401208432	0.679713377156658	-5.02343212129744	5.07561687051082e-07	2.22117633601418e-05
82.8148502734343	-2.25204183360822	0.448676966989601	-5.0192945020519	5.18615907375957e-07	2.25039915251238e-05
306.890684097647	-1.02166813547926	0.203616411616327	-5.01761192709941	5.23177222811225e-07	2.26065317621456e-05
1846.00407390343	2.46187931792971	0.490969524536272	5.01432206052909	5.32207785393305e-07	2.29005224476349e-05
313.361665546105	-3.02175636939761	0.60334075323064	-5.00837437752606	5.48916843829251e-07	2.35210867580834e-05
202598.586096597	-1.91464252554397	0.384719045848559	-4.97672924229921	6.46676786432076e-07	2.71445880476223e-05
47.7620563439743	-1.92103271707834	0.386224049662656	-4.97388165950891	6.56253797598974e-07	2.74346099776742e-05
30.6064786318408	1.78987292589753	0.360402130952478	4.96632170616534	6.82347272971993e-07	2.84099569038218e-05
681.188812404904	-1.31271337908704	0.264431083369356	-4.96429301109601	6.89517787707194e-07	2.84779153766297e-05
19.65260058232	1.27885706590827	0.2579860289798	4.95707876494507	7.15609712308116e-07	2.94373211255066e-05
65.3261746562935	-1.43172851597641	0.289022572438088	-4.9536910003218	7.28188112885107e-07	2.97229461230187e-05
527.564901391763	-1.69598787769753	0.343029164033011	-4.94415068899016	7.64765333152212e-07	3.09639633312494e-05
277.200180040437	1.86732419244178	0.377834967615015	4.94216881044329	7.7258274896339e-07	3.1157807805253e-05
509.702411588318	1.7610981313623	0.356425069846547	4.94100522199663	7.77208265857871e-07	3.12219133050092e-05
485.960632862485	-2.41481712577052	0.489269795994599	-4.93555323778289	7.99238745034954e-07	3.19334127760941e-05
87.1073492601691	-1.00511489226813	0.20390831375601	-4.92924919908279	8.25462283857891e-07	3.26502081815175e-05
53.3714393896086	2.67346079156831	0.544718324143588	4.90796926241018	9.20242724613743e-07	3.5983939847634e-05
189.788896240907	-1.30413925337096	0.265962503914824	-4.90347035456027	9.41581586358507e-07	3.65404718268335e-05
16.7429054090904	1.15947580768365	0.238082380741069	4.87006137990809	1.11563587570152e-06	4.24933309100535e-05
141.013213405074	-3.81647817050913	0.784097270854176	-4.86735295781805	1.13102925663458e-06	4.29206821964207e-05
15.8048439077572	-4.19327154881383	0.862109912562436	-4.86396396527937	1.15057869611758e-06	4.33426787944074e-05
3724.09987593891	2.9605774454776	0.609998564377762	4.85341707073948	1.21352101085388e-06	4.55468980862091e-05
209.018660638707	-1.11880189899456	0.230876371949675	-4.84589171922033	1.26044251068307e-06	4.6965183985017e-05
101.9839788106	-5.22050356622517	1.07848258642878	-4.84060070317133	1.29447238401467e-06	4.7374925256964e-05
94.4977993112844	4.47350790728435	0.926362457386716	4.82911183588354	1.37143372218664e-06	4.98368353320402e-05
37.8884860128599	1.06604400219184	0.221145277943646	4.82055964343718	1.43156047126568e-06	5.12305032369973e-05
120.450445296093	-1.98513343045694	0.41205664750683	-4.81762263142238	1.4527880292087e-06	5.15188692840768e-05
10.0241071717123	-2.56806975923458	0.533411887063857	-4.81442169084459	1.47626778629253e-06	5.19671169096821e-05
32.4877528320695	1.93722227398791	0.404309715707813	4.79143141686929	1.65595626297444e-06	5.69560341419035e-05
66.0297200725092	2.00747819530482	0.419504342785421	4.78535736239482	1.7068336638752e-06	5.83158717584471e-05
631.702146322776	-1.10335241487516	0.230649084278791	-4.78368435029862	1.72110891715413e-06	5.86088877616327e-05
263.150912813621	-1.17689888994804	0.246474208462752	-4.77493729379761	1.79763258770044e-06	6.08120181970766e-05
60.6754717896714	1.95011655353494	0.408621802909389	4.77242413314733	1.82021682834187e-06	6.13741306972714e-05
728.937098892184	1.35483808202606	0.284418731908188	4.76353323473579	1.90232261731367e-06	6.33122517684589e-05
33.5484051957035	-2.33595728068984	0.491371841425009	-4.75395023433866	1.99480159194764e-06	6.61759341019016e-05
14.4526719796815	1.95341977324782	0.41115114524741	4.75109894701219	2.02314096497827e-06	6.66858387302452e-05
30.593639227678	2.63104779970082	0.554622888836341	4.74385001531588	2.09694131641128e-06	6.82434952467518e-05
86.8123734062631	-1.03031735555881	0.217189862411628	-4.74385564831799	2.09688297618198e-06	6.82434952467518e-05
15.013826320725	1.98022059736832	0.418349913389126	4.73340745149487	2.20781656438798e-06	7.16251910036781e-05
35.0409560006972	1.29849207915276	0.274992587877572	4.72191664937114	2.33632432981514e-06	7.48497177813673e-05
14.0791679973961	1.10546688915922	0.234859478554651	4.70692899414737	2.51476451810771e-06	7.95748870899066e-05
276.447333211236	1.17831103730395	0.250327200502597	4.70708350885635	2.51285986610317e-06	7.95748870899066e-05
8.6285934916012	2.42641370853852	0.516003816808261	4.7023173656875	2.5722526968428e-06	8.04043973687882e-05
688.895605548639	-1.00470100276883	0.213640440427308	-4.70276601545711	2.56660494541905e-06	8.04043973687882e-05
18.3456970628712	1.879114756807	0.399696494802812	4.70135410552961	2.58441886051353e-06	8.05398895803671e-05
50.7235116464594	-2.84921845794591	0.606524885964556	-4.69761179446874	2.63221117596104e-06	8.12902694702204e-05
21.2759468977482	5.38883864107786	1.14831660602154	4.69281608645203	2.69469725232291e-06	8.29708579128406e-05
286.511682432593	1.00896812622058	0.215292687188125	4.68649511229766	2.77923453631829e-06	8.50644284865991e-05
5.43735241747228	2.62975668258391	0.562655460360898	4.67383126593518	2.95632245712492e-06	8.9683835248002e-05
153.575803474152	-2.30538748226409	0.49440391926142	-4.66296360617056	3.1168789089915e-06	9.3451844606614e-05
1084.36505074895	-1.83067980522008	0.393011768127138	-4.6580788507785	3.19173967657094e-06	9.541817102865e-05
120.09730221912	1.02040329950456	0.220328396096773	4.6312836546787	3.63405596957684e-06	0.000106474733877858
24413.9156315437	-3.09241584636424	0.668011664659741	-4.62928420260354	3.66931886044255e-06	0.000107054116793556
1626.76240694485	-1.07058605086005	0.231718403057019	-4.62020295641606	3.83364844987558e-06	0.000111370736323504
988.046359358078	-1.06622722127091	0.231676690135078	-4.60222053694419	4.18010239809971e-06	0.000120415050593998
9.32632481996848	2.85190851846712	0.619912265195038	4.60050345603317	4.21471027376018e-06	0.000120465280415518
9.4274930193785	-6.29382344245976	1.36877686992356	-4.59813690657355	4.26285847659749e-06	0.000121438328457974
8.09205272567751	-3.52829732335256	0.767593791713178	-4.59656834310479	4.29506135704523e-06	0.000121681572991331
16.5209080500436	1.0267303062933	0.223508422426579	4.59369850650965	4.3545839292221e-06	0.000123028959143187
294.367021051115	-1.35474997889237	0.295431012882558	-4.5856728637725	4.52526683260238e-06	0.000125778124941657
3006.73704495852	-1.09428690159945	0.238661365242225	-4.58510283174163	4.53763054662344e-06	0.000125778124941657
3335.92537941196	-1.15578917731922	0.252176185488202	-4.58326060837849	4.57780913418439e-06	0.000126214984278692
50.4512213954027	-2.38138096986356	0.520321214212843	-4.57675163882408	4.72251563807058e-06	0.000128823211729225
243.468715961761	1.16959095532137	0.255720321402459	4.5737114238983	4.79159688552514e-06	0.000130361858123652
1372.62890595963	-2.18790702860897	0.4785555208347	-4.57189800003311	4.83326212365683e-06	0.000131148463534794
505.014078235316	1.90147940387042	0.416132834610064	4.56940487681583	4.89111095775744e-06	0.000132021483174744
1684.9064696109	-1.03699324643392	0.2272327140579	-4.56357373863732	5.0290135030477e-06	0.000134333441208682
871.665310960392	-2.2557048606709	0.496284373501068	-4.54518614954143	5.48867249944673e-06	0.000144732071754641
201.3743674676	-1.40772821385596	0.310278085067543	-4.53698885485103	5.70631209729347e-06	0.00014970335104226
8.51455104538628	5.04645148176991	1.11345618226707	4.53224074924529	5.83612803699483e-06	0.000151180707134647
959.200321850664	4.76047326962657	1.05216307545816	4.52446334666673	6.05489447219645e-06	0.000155671336880171
62.5331397886426	-3.15540433917803	0.697980177064659	-4.52076497709149	6.16165656540234e-06	0.000157236913445652
17.4900449139303	1.05008746113	0.232529349797944	4.51593513697292	6.30379590240463e-06	0.000159750482412819
100.988621637762	-1.05224445875616	0.233314907180562	-4.50997525821115	6.48351870875202e-06	0.000163023243033755
26.3280513422077	1.33481902739646	0.296865035645579	4.49638343058383	6.91190450959403e-06	0.000171695714919481
1118.29435326399	-2.11415941635607	0.470520439248551	-4.49323608498817	7.01489423001429e-06	0.00017341627947468
3237.83017360166	-1.74976058492965	0.389549900590553	-4.49174953523805	7.06404698894846e-06	0.000174212612072772
565.475713105354	-1.20597191737673	0.268693044462364	-4.48828855912439	7.17976356705176e-06	0.0001764317487081
21.669612634568	-1.40087491993518	0.312928993988991	-4.47665427890795	7.58218818771898e-06	0.00018296436225195
3239.81618141018	-1.73215762999231	0.387592521962115	-4.46901715550029	7.85798288344408e-06	0.000187497670471784
2838.02326945878	1.98811932508106	0.445431186376544	4.46335906844298	8.06846742469753e-06	0.000191630759805056
1164.91038294383	-3.49999200892396	0.78524653778947	-4.45718871779646	8.30414937895036e-06	0.000195871266543866
823.541203035862	-1.14454261747428	0.257337055072298	-4.44764014709317	8.6818814189258e-06	0.00020384581852108
5.5825995784359	2.19876939953062	0.49605485669162	4.43251259385919	9.31412602262006e-06	0.00021573529733474
2691.41265975793	-1.1653472375475	0.263077709898226	-4.42966923346841	9.43777277498809e-06	0.000217618957887842
19.2654309054073	1.17999941029614	0.267190690029357	4.41631933420467	1.00395736791103e-05	0.00022994872097098
227.658312182969	-1.1847723673867	0.268462399205181	-4.41317804986612	1.01864154387469e-05	0.000232793547493497
20.6507722290944	1.64659008255379	0.373490164912529	4.40865714078286	1.04013537375397e-05	0.000235611281578983
3.30398876642801	-2.83211192117169	0.643092791762412	-4.40389312001184	1.0632534140045e-05	0.000240318639771918
1175.47362889972	-1.61988173311371	0.367942875812912	-4.40253593587005	1.06992860957901e-05	0.000241297057476109
15.2555331510487	-1.02578041969131	0.233242901577194	-4.39790627176631	1.09300158291889e-05	0.000244357136494301
11.5842493105314	2.30909267118385	0.525241726315949	4.39624758562091	1.10138301896722e-05	0.000245333039372277
158.566442313099	2.37164195935994	0.539576334171451	4.39537802005666	1.10580146495293e-05	0.000245616895584793
7.66057899440681	3.87472460837537	0.881949650475613	4.39336259874453	1.11610740326949e-05	0.000247371735672918
10.1511711734529	1.91421816260465	0.436208716644612	4.38830791215986	1.142359669065e-05	0.000252103580185934
15.1099058210135	-1.57566429973195	0.359246361984874	-4.38602715703574	1.15439714962173e-05	0.000253671373647646
922.894955725032	-1.22689741556	0.280061104339021	-4.38082045864824	1.1823326555924e-05	0.000258155181106417
235.998257796113	1.36530729735929	0.31218195162771	4.37343443540093	1.22306988936731e-05	0.000265920734508529
312.450683254212	-2.29171597728623	0.523964036723274	-4.37380395726773	1.2210003699448e-05	0.000265920734508529
28.3387947245865	1.80408920738721	0.412666933470436	4.37178039009626	1.23237452165924e-05	0.000267378472167586
349.160028840669	-1.05445379992688	0.241322164999233	-4.36948591079577	1.2453937445453e-05	0.000269634300397977
8.12345083197875	1.7411441951784	0.399052920115233	4.36319121452767	1.28178815236045e-05	0.000275772162319557
15.7597473570677	-3.53175987646318	0.810527293770271	-4.35736082376048	1.31640152735024e-05	0.000282039027234788
4.77546261688404	2.28747602692061	0.525063406190631	4.35657103494681	1.32115829718251e-05	0.000282469686657482
201.654387474647	-1.97064878173064	0.452839791325064	-4.3517571103111	1.35050827384508e-05	0.000285774219922281
6494.8690285086	-1.72229309149054	0.396544772924592	-4.34325001635579	1.40390208654242e-05	0.000295250082985731
6.42384886711063	-2.03384452242417	0.468477792056417	-4.34138940395972	1.41584540663533e-05	0.000296567019841216
317.109997727646	-2.91597668610894	0.673585636480169	-4.32903632171615	1.49763234652065e-05	0.00030927010143812
29208.1965754766	-1.56874922278606	0.362627810957586	-4.32605877261176	1.51800935619344e-05	0.000312121683290228
165.808928803627	-2.34419868744749	0.542605590645529	-4.32026268778144	1.55843572173771e-05	0.000318627295474166
16.2122087215447	-3.06030573688273	0.708775386460598	-4.31773703678529	1.57637078698619e-05	0.000321654705820753
34.8623042322927	-1.13603717359282	0.263184790733539	-4.31650009267824	1.5852261458215e-05	0.000322183116277239
5.52318338727529	3.16321476445262	0.73411016623148	4.30891017446447	1.64060979376743e-05	0.000331474088783973
180.712033582413	-1.83741721735304	0.426491158954523	-4.30821877259352	1.64574559828994e-05	0.000331859759466935
824.524794100189	-1.11756180382864	0.259527782361162	-4.30613552684477	1.66131296616144e-05	0.000333039815672598
153.330552315889	-3.18557656983977	0.740015399004886	-4.30474362306984	1.67179227780107e-05	0.000334488556126581
3.05258485187615	-4.16954993075098	0.971036968034187	-4.29391472004615	1.75549928079596e-05	0.000348770243507283
52.980296704334	-1.0437429264795	0.2433122463882	-4.28972623438866	1.78893499417887e-05	0.000354477986129779
81.4632711729163	2.7935248614911	0.65177741678449	4.28601051456003	1.81910381408662e-05	0.000357699113270876
5.86769968746007	1.64195935062034	0.384262261431367	4.27301745558901	1.92845353715467e-05	0.000374900116750446
9.00864388573344	2.47219395437754	0.578454328037824	4.27379282088437	1.92175614784528e-05	0.000374900116750446
18.9449783146555	1.12746466094244	0.264087996829136	4.26927643240031	1.96108102806291e-05	0.00037909318219171
17.3184064153569	-4.02038982187422	0.941812503541448	-4.26877940859413	1.96545520005238e-05	0.000379225915147066
16.499903148787	1.48783357071219	0.348621439811356	4.26776268125472	1.97443210332562e-05	0.000380244564617991
39070.3137933282	2.38313149168527	0.55907127953866	4.26266127219378	2.02006609814636e-05	0.000387581338681664
42.2853265729187	4.07543865870816	0.958252479678488	4.25299046455434	2.10934561830447e-05	0.000395848728807358
13.0222304333901	1.01184349485978	0.238423119807039	4.24389839239873	2.19669846689285e-05	0.000410742673336838
45.6679193257252	1.52125598795261	0.358640913424609	4.24172460812228	2.21808758517601e-05	0.000413989341668786
323.367204591171	-2.22064653931489	0.523967105781201	-4.23814112529842	2.25378088610701e-05	0.000419129884859395
44.6316148576167	-2.55626004037251	0.603635306544003	-4.23477555514087	2.28780092951923e-05	0.000424688533559129
483.963747376203	-1.80800839045311	0.427469951684332	-4.2295566818887	2.34152277921744e-05	0.000430003933240575
360.581181841229	-1.31402873512399	0.311046934365069	-4.22453523872942	2.39434386342167e-05	0.000437361141943667
884.152684040776	1.07190066903175	0.254012288205254	4.21987722170986	2.44435403542061e-05	0.000443346329810681
2360.14200929341	-1.05982320972793	0.251285840226648	-4.2176001989289	2.46916109765359e-05	0.000444835275376932
122.164035783472	-1.39040713621654	0.329672864589064	-4.21753588348765	2.46986524932155e-05	0.000444835275376932
856.770139919345	-3.38908546317884	0.804190925172676	-4.21427966555471	2.50576637747282e-05	0.000449726028375751
88.2438514439526	-3.61092431924419	0.858250590803656	-4.20730770003079	2.58431151507377e-05	0.000459810720086828
974.901931243936	-1.16534298461953	0.277202966004395	-4.20393403943974	2.62315409087997e-05	0.000463514032141058
186.371773574653	-1.06424812718856	0.253666689548506	-4.1954587300476	2.72319870260737e-05	0.000478724366796825
22.2951550158664	2.59491678330601	0.621808272487896	4.17317829002754	3.00379697522347e-05	0.000517437991510858
11.5359480377511	1.79865564839834	0.431062087897583	4.17261387372504	3.01125015159663e-05	0.000517854457508691
109.450693949014	2.12852939626543	0.510224931844169	4.17174713233245	3.02272979038348e-05	0.000518960820773017
63.0542269118089	-1.52712767537936	0.366367930059658	-4.16828971665366	3.06893704634833e-05	0.000526015809744104
74.0280499028956	-2.27614244792149	0.546330579980054	-4.16623658153016	3.09669337471466e-05	0.000529890094268977
812.32337477668	-2.11099203676176	0.50678344148156	-4.16547160773519	3.10709592131434e-05	0.000530786951076357
114.902293740862	-1.6709568067839	0.40142947878839	-4.16251644455022	3.14759465900121e-05	0.000536813656271451
167.957654793576	-1.30827154892328	0.315399412029538	-4.147983474366	3.35416603817372e-05	0.000564553904035655
747.786187857837	-1.03578834624953	0.249826011923311	-4.14603883028596	3.38276484174761e-05	0.000566872075539717
37.8760887583833	-1.29256158593078	0.311816418085212	-4.14526468448352	3.39421410315339e-05	0.000566872075539717
833.360920319684	-1.68345113097255	0.406117319131686	-4.14523353638775	3.39467553858369e-05	0.000566872075539717
30.005312668643	1.74661761771734	0.421361315925359	4.14517790718771	3.39549979125307e-05	0.000566872075539717
14.1570613804467	1.42989708653466	0.345379161812683	4.14007920752953	3.47185921668091e-05	0.000576810988438553
158.126522285817	-1.05249465506969	0.254424363180588	-4.13676835784252	3.52231365082783e-05	0.000582989098103674
341.462856020561	1.43980605886222	0.34808353792566	4.1363807879065	3.52826519462874e-05	0.000582989098103674
256.429058228696	-2.16713842555778	0.523949874694145	-4.13615601458602	3.53172119913058e-05	0.000582989098103674
250.313938246972	-1.16397099853185	0.281542570592351	-4.13426287926159	3.56095694949716e-05	0.000586786687584553
1304.74140253574	-1.28610063567957	0.311177608527121	-4.13301150351724	3.58040798851404e-05	0.000588193542394223
3635.6276170668	-1.36141080230044	0.329525653725901	-4.13142584471695	3.60519996764932e-05	0.000590380198523975
8832.60847428597	-2.89841274591639	0.702522033359503	-4.12572504246736	3.69568596860563e-05	0.000602320673552143
16.2040320877499	-3.41118145933054	0.827229949375165	-4.12361939011894	3.72964999604339e-05	0.000605935553859562
15.6317146174583	1.85111159580227	0.449457390124758	4.1185474673994	3.8126804047712e-05	0.000613608846364116
2294.60883090224	-1.56219479901275	0.379275527556157	-4.11889163816783	3.80699108047095e-05	0.000613608846364116
20875.133276289	-1.85747482921291	0.451186588056175	-4.11686623313733	3.84058829192472e-05	0.000615211993678409
36.0013489695193	-1.04337102013865	0.253505893959474	-4.11576631944283	3.85895127391911e-05	0.000616589330461262
167.937690768219	-2.63833793142467	0.641206088300755	-4.11464890861605	3.87769168730017e-05	0.000618266376933255
8.02183161622473	3.17351482093424	0.772684283468634	4.10713002558834	4.00605736553758e-05	0.000634796516905831
15.300789974275	1.96884288282577	0.480061242732372	4.10123273359806	4.1095497401221e-05	0.00064720688403393
17.9788625042023	-2.2260589579365	0.543216431434963	-4.09792272309608	4.16874396088721e-05	0.000652998789907705
7.4558499293357	2.32492744382065	0.567712403985446	4.09525567435065	4.21702745572908e-05	0.00065808665181666
19.2190957609449	-1.25155792107983	0.30624497727389	-4.08678676862185	4.37388768168184e-05	0.000674378724414034
307.989059131266	-1.04006102022791	0.254488409578351	-4.0868698969479	4.37232143605069e-05	0.000674378724414034
2234.88228944412	2.36573187902533	0.578802645119846	4.08728588055344	4.36449175353557e-05	0.000674378724414034
101.320912257623	-1.07877982714563	0.264076470793816	-4.08510392426411	4.40570932637944e-05	0.000677673046155494
23.1109974149825	-1.15452230680992	0.282644990543662	-4.08470818672294	4.41322432929602e-05	0.000677673046155494
62.7221735480051	1.93658364504573	0.474116733131718	4.08461357660563	4.41502276277889e-05	0.000677673046155494
174.464332925528	-1.1324974744541	0.277380566101112	-4.08282919878848	4.44907227811469e-05	0.000681881658839515
7037.56201289561	-2.5564639300585	0.628205305850311	-4.06947204401304	4.71197929567658e-05	0.000717896223359081
26061.1469772532	-2.40686647170487	0.59162824305827	-4.06820752718497	4.7376178345291e-05	0.00072073464216416
14.3693383161189	2.07297315453934	0.510017339517357	4.06451505452942	4.81324323365047e-05	0.000726863339425278
5784.8694718691	-1.13825119146362	0.280695548968459	-4.05510951508363	5.01108194369025e-05	0.000751224004503069
4.42662900591608	2.62055191995631	0.647231792368501	4.04886155293234	5.14673779344043e-05	0.000769317608542752
79.4599566979755	-1.93937820419093	0.480400480290009	-4.03700305008055	5.41383652644398e-05	0.000801092012056832
73.9998641116099	2.20967163772352	0.54787074284362	4.03319882761878	5.50226863813209e-05	0.000810678089893272
606.921794924157	-2.17403855589954	0.540474303896983	-4.02246423229386	5.75924022458814e-05	0.00084370408076445
64.3420438699555	1.172690875876	0.29186955588232	4.01785952745554	5.87291884053702e-05	0.000857913314717084
5.24571541601152	-2.72337912811464	0.679056736084881	-4.01053252754159	6.05819531932932e-05	0.000882471397506837
20.0215143579655	1.39168058765922	0.347996364496271	3.99912392669301	6.35773851546031e-05	0.000915728051722603
5.66950907182265	2.16845002948901	0.542774552228284	3.99512103245583	6.46612113196779e-05	0.000926150274667922
3.02559999264811	3.10184202770315	0.776586882038134	3.99419833047197	6.4913511047337e-05	0.000928470858985833
12.0217089300791	-4.77939019333689	1.1977884785295	-3.99017879951929	6.60235048479997e-05	0.000934274234777262
500.58134984614	-1.51709136881918	0.380348985812901	-3.9886825662931	6.64412588624158e-05	0.000937286565351281
1017.64351473829	2.14429164669437	0.537924292927925	3.98623314634662	6.71305502477275e-05	0.000944419396371587
5852.67423741493	-2.31180897577003	0.580324402413269	-3.98364943151867	6.78649643379228e-05	0.00095312131894251
40.2164415885675	-2.38757371861634	0.600235806144428	-3.97772624387863	6.9577409989911e-05	0.000973515761001693
23.3523175069218	1.71617782541386	0.431627679251959	3.97606063723281	7.00662667918714e-05	0.000977695369996751
1939.2080890963	-1.3878504259574	0.34971010118841	-3.96857403100772	7.23039958254208e-05	0.00100347407971475
10.0705985234915	-1.05445262613219	0.266105749828062	-3.96253228956347	7.41589735329191e-05	0.0010264480266656
389.788310045952	-1.21711037629154	0.307211889330626	-3.96179450913655	7.43885511364188e-05	0.00102824174715985
9.55913265993792	-1.68820490799954	0.426174530492396	-3.96129939076606	7.45429954844271e-05	0.00102899351082127
220.629347897829	2.71929007257377	0.686901683131049	3.95877625481808	7.53347693854262e-05	0.00103852918010687
11.8046295109823	1.82305206897156	0.460791226999222	3.9563515148578	7.61031545560458e-05	0.0010435264552725
3786.41546770876	-1.57006407148765	0.397088550226949	-3.95393941877776	7.68748816911418e-05	0.00104906343422633
699.427467929725	-1.44327821785839	0.365022743043646	-3.95394052935987	7.68745246743399e-05	0.00104906343422633
11.7531690529587	1.26301725077174	0.319468315982907	3.95349769471135	7.7017006305025e-05	0.00104906343422633
10855.7645991455	-1.46171306758583	0.370237134893841	-3.9480455357482	7.87918200990274e-05	0.00106437452886533
277.932943904115	1.01403958255836	0.257001712952818	3.94565301105416	7.95827918502912e-05	0.00107264669906736
11.1896128723451	1.11725326535554	0.283215944182157	3.94488124099734	7.98395371628343e-05	0.00107469869133847
42.8546839411984	-1.02887730292643	0.261022684558027	-3.94171604153317	8.09007198070011e-05	0.00108613968994151
8.40225232515526	2.00694075807578	0.509243749681695	3.9410218767147	8.1135225298397e-05	0.00108683472941955
15104.1072184576	-2.17404319945332	0.55233858872522	-3.93606972938636	8.28269161285279e-05	0.00110050646701005
1200.88770871917	2.96060695410229	0.753043487651701	3.93152188771286	8.44098095183285e-05	0.00112009094333741
579.157373969216	-2.97060181486424	0.755828946495815	-3.9302567447788	8.48552037785712e-05	0.00112455014904488
23.7215062971438	1.3177334048494	0.335316952285531	3.92981445127567	8.50114366780259e-05	0.00112517067541418
13.5262075585164	1.06965796103308	0.272665254440638	3.9229712756304	8.7463582522937e-05	0.00115169716090382
4521.30640995963	1.64620915943251	0.419899125797632	3.92048722727252	8.83701200011871e-05	0.0011591815230768
16.7003292088337	1.28292897418652	0.328442029981056	3.90610475236838	9.37958637468103e-05	0.0012170402124649
16.8184384363504	1.87554661853228	0.480443826479159	3.90377920406818	9.47021836418459e-05	0.00122188395676386
146.061775116323	-2.06435609341947	0.5288042846374	-3.9038187726391	9.46866939339575e-05	0.00122188395676386
4.87142186533155	2.41614052307754	0.61948994107034	3.90020945118656	9.6109504766568e-05	0.00123240666710647
14.5567902525362	1.1400568043513	0.29243784524623	3.89845850283635	9.68069861642125e-05	0.00123980454011552
258.553891048192	-1.01254766959371	0.259823103494442	-3.89706556490029	9.73652664028155e-05	0.00124231315097587
2.18458981102024	-2.8778217851213	0.738428320959684	-3.8972256391537	9.7300955459313e-05	0.00124231315097587
115.503923678605	1.14135005169876	0.292836474053011	3.89756793578983	9.71635699577445e-05	0.00124231315097587
29.8322605048734	-1.81911533158648	0.467228609273795	-3.89341597556257	9.88424482481416e-05	0.0012580392794355
6748.12275871072	-1.91142309494458	0.491410742469539	-3.88966485620339	0.000100382757340815	0.0012744892302382
110.675438364066	-2.47170800496664	0.635534413117641	-3.88918043452844	0.000100583317764025	0.00127546096163408
3206.36691802996	-2.10970673708473	0.542914375161996	-3.88589220253236	0.000101954743666982	0.00128808671237254
5.65317939629416	1.51877050851116	0.391175680068149	3.88257907098561	0.000103354391920035	0.00130256932169809
31.8487015390404	1.38163286143406	0.356061281462664	3.88032322907577	0.000104317739160148	0.00131310113772701
26.8418542045049	-1.98770697327993	0.512678408086174	-3.87710295953369	0.000105707633077214	0.00131929283806562
238.352393281177	-1.46707454178048	0.378361239082129	-3.87744406731374	0.000105559584929494	0.00131929283806562
29.6664243544827	1.25434467487503	0.323993561704444	3.8715111136044	0.000108162724808076	0.00134179187204614
773.892899322174	-1.85880121084419	0.480200033845481	-3.87088937907555	0.000108438995644818	0.00134198150566944
18.7051213988539	1.09661448102027	0.283545630199882	3.86750619379049	0.000109954036630165	0.00135746376074984
5318.14103525021	1.10193452827642	0.285104032637308	3.86502610321977	0.000111077319594061	0.00136677911942436
23.7904038940062	1.11390756585345	0.288925709696958	3.85534249278746	0.000115567718954846	0.00140973235111608
56.60170450441	-1.00237098435506	0.260460290145737	-3.84845990839601	0.000118862744851511	0.00144149111798696
792.086907091742	1.50667812010446	0.392254003761544	3.84107773446816	0.000122495312507597	0.00147510748691819
46.0997705458341	-2.10050317590366	0.548399544239743	-3.83024238070006	0.000128017097907708	0.00152433341496774
14.5644106740786	2.00950547361247	0.524853467424013	3.82869810020528	0.000128822915580583	0.00152804482564097
144.75889674848	-1.00094348382326	0.2617293601875	-3.82434543494163	0.000131119972351095	0.00155171207785807
4571.17757294399	-1.42867858927913	0.373781257585322	-3.82223174727536	0.000132249311646039	0.00156148326173119
11601.9914155665	-1.14982177770125	0.300968183141251	-3.82040973800084	0.000133230157059818	0.00156766468558715
47.4423825800899	-1.98470261184017	0.519696477627595	-3.81896490986489	0.000134012822353865	0.00157507184581388
632.44784146096	-1.22210907446704	0.320066473380059	-3.8182976853557	0.000134375719071554	0.00157753412663454
2026.89815742863	-1.4744118014329	0.386206342783976	-3.81767888845267	0.000134713103823867	0.00157969163024476
3744.06483301157	-1.26219561593921	0.331259445474397	-3.81029321030113	0.000138802072016934	0.00161751579773569
153.821734861642	-1.51226492169812	0.397088843271874	-3.80837927663134	0.000139880608827791	0.00162729884749435
3.66368510829956	-4.35717793127332	1.14510530714438	-3.80504561815287	0.000141778058464376	0.00164564960863165
9089.98006611231	-1.35864263595296	0.358200631786582	-3.79296549304372	0.000148858848881783	0.00172007236168568
1674.66968985988	-2.53432804044481	0.668344730844884	-3.79194736411111	0.000149470598736584	0.00172133889967192
282.986971081464	-1.02803252537174	0.271375445621196	-3.7882297089131	0.000151724537420168	0.00174100934530546
180.227674477514	-1.66647101540746	0.44045517324674	-3.78352013241973	0.000154625810919108	0.00176489660320988
706.619413702212	-1.33712088650659	0.353401586447699	-3.783573525934	0.000154592627845775	0.00176489660320988
19.6105938204815	1.17928985618031	0.311714564098822	3.78323630655397	0.000154802315970646	0.00176495234749681
4072.28609720888	-2.06524111750069	0.546277173845672	-3.78057370210408	0.000156467390500813	0.00178196084596939
46.1719862592748	1.75054569325001	0.464428233134746	3.76924908598768	0.000163739420520314	0.00184840417193294
30.7229123528632	-1.87358712185772	0.497548626592155	-3.76563620462672	0.000166125531114823	0.00187306938462515
562.14475816258	-1.3128743095851	0.349644223727363	-3.75488631154627	0.000173420176982415	0.00193223521136204
9.57490562782386	1.32601681191587	0.35397798128661	3.74604320612307	0.000179645663862535	0.00198227039395098
190.923207169548	-1.96868630953032	0.526510016909261	-3.73912413117413	0.000184662531166523	0.00202675503790451
542.580324357731	2.54776178420127	0.681453521653474	3.73871687979453	0.000184961886531091	0.00202787637642403
142.959818009665	-2.61579606954597	0.701444810871295	-3.72915449512953	0.000192123336815211	0.0020890245660003
6744.45587239774	-1.95122121292354	0.523279106080907	-3.728834555496	0.00019236739245452	0.0020890245660003
17.1358992392071	-1.54383892454945	0.414159223134981	-3.72764588667941	0.000193276684596755	0.00209447568429191
212.765178038027	-1.09450846020036	0.293860410329117	-3.72458630604421	0.000195635775251722	0.00211396269752569
796.974923779875	-1.27349388063361	0.3422751422812	-3.72067300051652	0.000198692575759782	0.00213740005137406
103.897001492337	-2.97078364407353	0.798946132850141	-3.71837790049203	0.000200506165895364	0.00215016205429398
7061.55844555587	-1.27315258075261	0.342380686607168	-3.71852920025646	0.000200386131467651	0.00215016205429398
165.768521023447	-1.08428586553641	0.292665647996975	-3.70486209419296	0.000211505772453402	0.00225159548114238
2.27248521257989	3.69800613987365	0.999674998288031	3.69920838893298	0.000216272974267741	0.0022905780302466
49.5650905869689	1.29087690518966	0.349520548680059	3.69327900767085	0.000221380901048112	0.00233574300247954
862.892057844024	-1.41592175170776	0.383660914755481	-3.69055511586363	0.000223765196576182	0.00235537490439044
13.075419462102	-1.28337174581669	0.347813846958557	-3.68982361409437	0.000224409593625334	0.00235733223783753
91.4860611362397	-2.05710355700182	0.557624501341314	-3.68904801000253	0.000225094743860699	0.00236211667945248
15.6096533412384	1.21162345334628	0.329029037569458	3.68242104799187	0.000231029428706894	0.00241453927319278
287.07180677137	-1.27334308456051	0.34584057894801	-3.68187876747665	0.000231521504882021	0.00241722553929615
33.4957340830924	-1.1975449279881	0.32544470829	-3.679718543529	0.000233491515417791	0.00243039144185886
89.9380279971511	1.05206552308387	0.286207333571242	3.6758859738372	0.000237025381155965	0.00246219092909894
178.983542399569	-1.7632261652794	0.479945355655591	-3.67380607917516	0.000238964118233572	0.00247234103814291
10.7400581554011	1.48131041871054	0.404531318850096	3.66179415458178	0.000250455068745393	0.00257310682015746
11.2145819535944	1.02533374302212	0.280158844264384	3.65983000006427	0.000252382629351546	0.00258117787977435
64.9296121730269	-1.41250214256148	0.386420195207955	-3.65535280008162	0.000256828539860372	0.00261507396428125
30.4968934517568	1.32961465521481	0.364040393498692	3.65238220527192	0.000259818789302386	0.00263508523588337
9.58724607067721	-3.16712439273944	0.867835075849739	-3.64945423488254	0.000262798052106415	0.00265888484492263
2151.64214747793	-1.25906747616726	0.345038666094059	-3.64906197447458	0.000263199608336371	0.00265888484492263
85.3252931755222	-1.76151156068416	0.482854040748802	-3.6481243026411	0.000264161833481727	0.00266598655105601
130.00972563234	-1.58217952955245	0.433753461527737	-3.6476470388958	0.000264652860116789	0.00266832354258927
63.9233634904951	-1.08707674917866	0.298467862557903	-3.64219028428151	0.000270328125715063	0.00272020982862398
86.4198122426193	1.07234203319751	0.294644556535113	3.63944287927041	0.000273228535185141	0.00274402564047265
3.92689943248412	2.22144399746665	0.61160496553899	3.63215494090856	0.000281064271217713	0.00281721731501263
504.599105952974	-1.56355993187095	0.43057345162121	-3.63134309833499	0.000281950052656227	0.00282059760847922
15.2987285518598	1.00170240580593	0.276181042868575	3.62697741815177	0.000286758361859367	0.00286312911976867
73.5449028113969	-2.33720866047096	0.644743768226693	-3.62501938855374	0.000288939773735545	0.00288211118632042
25.5971452295304	3.36595851148352	0.930856516880947	3.61597996086653	0.000299213523395538	0.00297018520714258
952.879895286844	-2.29763528417437	0.637602171751416	-3.60355623925032	0.000313892790617499	0.0030947714923806
1522.54303515086	-1.9489730733745	0.541081796377866	-3.60199342580254	0.000315786352383105	0.00310367901264809
23.1058499136999	-1.55232768828265	0.431325085942316	-3.59897381088159	0.000319475356896755	0.00313500436099831
12.0497291430913	1.39155811042447	0.387045069132063	3.59533868638347	0.000323969824962336	0.00316401299137005
10.9255695770305	1.69649304127241	0.471936527484574	3.5947483241332	0.000324705310979966	0.00316739183962211
9.23246507840315	-2.636711636946	0.733526955153572	-3.59456679597272	0.000324931776624011	0.00316739183962211
730.281959133104	-1.90496105958946	0.531088035787093	-3.58690260601753	0.000334629236805858	0.00324653497293532
5.73548746315978	3.78041595106543	1.05465337176708	3.58451037304448	0.000337711143516272	0.00327026497167734
5.85798086868512	2.26576029300793	0.632549251701511	3.58195079183668	0.000341038040754025	0.0032808561376187
636.093216549264	-1.13147104784654	0.316189535512893	-3.57845823711774	0.000345627082487288	0.0033095411592805
5049.26543829868	-1.13734212515945	0.317830327276782	-3.57845689209199	0.000345628860858348	0.0033095411592805
5620.04695638115	-2.90266990256054	0.811627856941077	-3.57635568781527	0.000348417514351636	0.00333067229610616
1152.78728989367	-1.83740986036139	0.513773078645468	-3.57630622687669	0.00034848341021103	0.00333067229610616
18398.9698203207	-2.08221788875215	0.583090144843116	-3.57100511330437	0.000355613951804458	0.00338558812954302
16.2656950013924	1.05544968917065	0.295585968887814	3.57070294351907	0.000356024483766584	0.00338558812954302
1698.50810531936	-1.61163573679621	0.451456428955445	-3.56985886882843	0.00035717360454364	0.00339166514231468
4.35582079160332	2.9354686258933	0.823381585470792	3.56513757131799	0.000363665384153364	0.00344377054386114
1859.96325526275	-1.35568741080649	0.3804655791652	-3.56323274704922	0.000366315617067242	0.00345931111654685
38.8740780384448	1.99796193725899	0.560971737649169	3.56160890677262	0.000368589156916511	0.00347121876348846
85.1232892385518	-1.92786386452074	0.542964053706771	-3.55062890694028	0.000384311880187822	0.00359436461246861
690.03658745245	-2.17817117727089	0.613860949729219	-3.54831363394546	0.00038770625967593	0.00361433384158582
174.277694304844	-2.94127411159575	0.829300832064982	-3.54669137889552	0.000390101288743515	0.00363058973161838
152.544335251373	-2.2145682467495	0.624731927725853	-3.54482962766279	0.000392866935157451	0.00365180464133133
21.6547028867171	1.79036081516327	0.505612108273181	3.54097693838445	0.000398648420635781	0.00368334315534994
5.5571427411178	-2.12723419791206	0.600826683903696	-3.54051218912412	0.000399351188080045	0.00368334315534994
5.40241694668847	2.12138852074847	0.599233924617674	3.54016759331837	0.0003998730133831	0.00368485131687437
2378.58293601412	-1.69809318730281	0.480266563408969	-3.53573060604014	0.000406649149619271	0.00374393899255558
27.4640847899514	1.22371171220555	0.346122579372037	3.53548651586297	0.000407025017515684	0.00374404765664696
3401.02260273931	-1.50512823722715	0.425907164879554	-3.53393500119397	0.000409421750768645	0.00376272858347162
518.671804113959	-1.04677437346	0.296475768290024	-3.53072488688521	0.000414422551191904	0.00379850402536323
679.280070726153	-2.70603672518811	0.767830942350168	-3.52426110480193	0.000424665556232772	0.00387512030195016
2.67447482417464	4.21870389316576	1.19738143847917	3.52327483756895	0.000426249101380525	0.00388268003418718
7.96353852823981	1.88804092369751	0.536035211178848	3.52223302559796	0.00042792781582359	0.00388721134382237
7.19288819761944	-1.75951870675447	0.499498141885106	-3.52257307727723	0.000427379199157791	0.00388721134382237
560.644994566828	-1.17748472204588	0.334342269722063	-3.52179436666717	0.000428636490071429	0.00388721134382237
10.5495628736777	1.16051772022531	0.32969775495003	3.5199442604673	0.000431637498073389	0.00390753523784043
6.79846473436394	1.65407244455483	0.470383342085352	3.51643499368371	0.000437383749753524	0.00395259620603272
824.088880114065	-1.50020243879362	0.427148240912106	-3.51213535514083	0.000444521541755109	0.00399254107896029
3.47260664909914	-2.56086332359667	0.729201823512474	-3.51187180424387	0.000444962577485703	0.00399301496235861
11.5689343285289	1.29644236742608	0.369236751135406	3.5111411944762	0.000446187343032738	0.00399355146714419
11.5324849969463	-4.10242730647976	1.16900815856253	-3.50932307566125	0.000449248836974352	0.00401048180507313
2.67681145900556	-2.12641575791508	0.607285651195432	-3.50150831611001	0.000462632532907267	0.00411456652318587
7042.00920229337	-1.42927440448757	0.408280336644465	-3.5007181982712	0.000464006213934385	0.00412075984810122
1720.11639350239	-1.65096170640719	0.472070507131579	-3.49727780377313	0.000470032085397184	0.00415990530656165
1070.34146144993	-1.35765585508305	0.388388872269499	-3.49560956046388	0.000472980233404381	0.00417521778569155
32.5180290500703	1.0573616525629	0.3024670030224	3.49579174586721	0.00047265743522971	0.00417521778569155
35.5587714637477	1.0203439150025	0.291972440868981	3.49465830393345	0.00047466902331373	0.00418294450364901
3125.66702422758	-1.35567416110501	0.388086544953353	-3.49322639172651	0.000477221742344103	0.0041992518411835
296.628238682111	-1.31671476622768	0.377055144699657	-3.49210131392453	0.000479236434309888	0.00420517703962704
17.8378096096394	-1.28548787357074	0.368847647679195	-3.48514591772263	0.000491868732298881	0.0042976873771977
61.7322370520569	-2.42762661116208	0.700228025568489	-3.46690866763177	0.000526480746303476	0.00457677767961534
209.062014602713	2.15011735806222	0.62059445013242	3.46460938798829	0.000531002136028597	0.00461218409368082
100.897228102987	1.35997743752247	0.392572051450709	3.46427472994274	0.000531663228574303	0.00461402923431066
16.1340669457817	1.01067964292266	0.29190867229843	3.46231454846742	0.000535550851376242	0.00464384903503648
87.6758894568526	1.12644894041725	0.32544683443143	3.46123796959095	0.000537697279943341	0.00465853313137095
3.42554896334669	2.78623949941486	0.805935145672409	3.45715100573041	0.0005459188456699	0.00472180774505404
13.7122738604289	2.13707106378753	0.618476122634086	3.45538168019447	0.000549514317605693	0.00474891196828315
3.77559500825343	2.18787467655362	0.633517905316203	3.45353250191343	0.000553295625505874	0.00477356729253557
93.6222305463125	-1.94889290590832	0.564292743908277	-3.45369123907272	0.000552970081967888	0.00477356729253557
12.4501699157342	-1.72952989814141	0.501090395778225	-3.45153272286399	0.000557412160239181	0.0047915490285018
453.235522511636	-1.14868824200112	0.332977722490619	-3.44974502621112	0.00056111625560292	0.00481679430101872
121.214703467392	-1.10349018535238	0.320359910200832	-3.44453269655559	0.000572047443598153	0.00488615939365731
80.6136088904125	-1.73381424902363	0.503774134528752	-3.44164999786165	0.00057817781646156	0.00493442378795907
11.1490664372787	-1.17236749600806	0.340809726614869	-3.43994729156568	0.000581827485550979	0.00494914297883066
12.865813518506	1.1221186754964	0.3265901863697	3.43586158533913	0.000590672664718701	0.00500781342454009
635.470238448996	-1.56030792215236	0.456168665169012	-3.42046273953135	0.00062514698856192	0.00526105698066349
45.4190614476385	-3.34482141416495	0.978466017021098	-3.41843391183695	0.000629826110489297	0.00529454383793846
11.7575120332828	1.36634605712852	0.399754072703436	3.41796657101768	0.000630908554109462	0.00529654169017282
91.3729550277751	-1.23219756201088	0.360678864745833	-3.41632871357517	0.000634715796196378	0.00532415762486423
4.46258595163783	1.70578404074609	0.499857626425856	3.4125397924665	0.000643605297737478	0.00538116819669286
7.33078195448126	1.14378381115026	0.335893257844199	3.40520026657039	0.000661155484183686	0.00547890652646658
140.628407094366	-1.77205275453457	0.520446682912599	-3.40486895721488	0.000661958108029742	0.00548114104909651
3.67013811101482	1.56933482924822	0.461415365227486	3.40113257492956	0.000671072738019884	0.00555214162332782
33.7269255950452	1.55769613782657	0.458061955966007	3.40062325093457	0.000672324194201607	0.0055535598499352
15453.7975598849	-1.08364110671075	0.319111016747679	-3.39581227171353	0.000684252721289556	0.00562049120266916
5.35080872627011	1.46591939237	0.431683757708773	3.3958178092004	0.000684238879049425	0.00562049120266916
2.70826001685784	2.42820491043629	0.715493083901489	3.39375035911684	0.000689425084568643	0.0056494402945848
6116.85251760028	-1.4308691990142	0.42210815952736	-3.38981648830566	0.000699394253097446	0.00571746462548023
1832.02290694251	-1.33309931424306	0.393698383598928	-3.38609293250521	0.000708953705944286	0.00578399380187273
20.5756551680035	-2.21435682116768	0.655241887299409	-3.37944942789629	0.000726311685704862	0.00589533494537396
18640.8373533952	-1.0297855181679	0.30485501032525	-3.37795175834317	0.000730278908569186	0.00592286143196018
2.35095184685989	3.06604335448057	0.908404085402666	3.37519767221379	0.000737626881502005	0.00596364374950206
18.5196450776218	-1.4433152277951	0.428256209317254	-3.37021436325721	0.000751097297054567	0.00605351457908242
14.5445441403439	1.88360090404443	0.559075366991223	3.36913592559338	0.000754042337424217	0.0060724913062417
3.20421229267158	1.88503075602999	0.559932435856139	3.36653252306731	0.000761196056837471	0.00612530535877664
30.0014794443033	-1.23470976490219	0.367310885542024	-3.36148427259428	0.000775247714516008	0.00622800020164005
13.5029763520532	2.03414611653919	0.605271664565154	3.36071591588644	0.000777407407484862	0.00623137784768068
6669.77348653638	2.25086253461254	0.670529155397636	3.35684513714804	0.000788372564960445	0.00630943459770678
10.6502330291452	1.15294281900831	0.343530533775066	3.3561582032857	0.000790333448457451	0.00631529851121711
11.2684581399787	-1.2954364790486	0.3860849222598	-3.35531486561624	0.000792746983612002	0.00632966613312564
15.6896309052083	1.13015020594631	0.3378132203908	3.34548838745534	0.000821377986015422	0.00651778642606682
1743.2644766566	-1.3476318145748	0.403722123787005	-3.33801824367144	0.000843782091050283	0.00665449004935668
1268.83449953031	-2.20096910878613	0.659663111204117	-3.33650475735802	0.000848389766729964	0.00668570142609269
36.3034909053617	-1.38418975891402	0.41515042807588	-3.33418844183638	0.000855486790480029	0.00673131304766383
7.61418303227122	1.43470895050871	0.431139410292751	3.32771469333902	0.000875614907386223	0.00685820541322156
5.75306855915211	1.4265380318447	0.429653294538886	3.32020736248675	0.000899506080297939	0.00703326107538898
3.52706531960952	1.65672420308626	0.499529232790507	3.31657107198982	0.000911294056091891	0.00710519186720925
7.70264741064435	-2.74891085597007	0.829480052864305	-3.31401683075767	0.000919659712951841	0.00716498521817934
462.274020059065	4.4861774225709	1.35709779206475	3.30571418567076	0.000947346680804611	0.00735839370498083
20.5160981861048	-2.12791537381511	0.64387330924505	-3.30486656809881	0.000950216262488188	0.00737511248560643
29.7387768519201	-1.22347442579815	0.371054228721257	-3.2972927704248	0.000976216838856051	0.0075032989318353
3712.42873373852	-1.3784771983751	0.418039032662242	-3.29748442291715	0.000975550857311572	0.0075032989318353
6529.26447646477	-1.03378671879214	0.313606385816142	-3.2964466463327	0.000979162107503708	0.00752031599220921
120.502834764374	-1.23304321931915	0.374227815056033	-3.29489997726259	0.000984567176691698	0.00755055096576989
2584.54814606025	-1.06752208657744	0.324182020688244	-3.29297128912661	0.000991345972824941	0.00759687182155864
5.1769212249619	1.28275329653983	0.389704199922319	3.2916075751699	0.000996165094394666	0.00762811752103853
39.9914547532418	-1.9943272216913	0.606254363632761	-3.28958823445165	0.00100334093126368	0.00767164173763251
1063.73514448311	-1.01851999533869	0.309761555440883	-3.28807748233647	0.00100874073004949	0.00769576384853783
137.511702987992	-1.46497122461756	0.446239150869019	-3.28292849644553	0.00102734720396748	0.00782030987831352
109.471450132811	1.70704655933865	0.520543417991056	3.27935480565039	0.00104044734182878	0.00790832258933274
3.74794041913908	2.05608184505694	0.628234097110078	3.27279568956073	0.00106489422451558	0.0080524795624399
355.65080047812	-1.37292919029748	0.419703112359358	-3.27119134899802	0.00107095420742566	0.00808548230715307
361.195723236781	-1.17108204853525	0.358194808902236	-3.26939983335962	0.00107775888723637	0.00810700499090699
20531.3968342311	-1.50072342814117	0.459050800708092	-3.26918812869138	0.00107856563786194	0.00810700499090699
3.22583804362164	2.25432254733987	0.689612711328633	3.2689689593984	0.00107940142264269	0.00810700499090699
697.281099417425	1.17400888187607	0.359258147697876	3.26786988520404	0.00108360169696324	0.00811045112923576
116.455497211377	2.01745784576501	0.617325880664215	3.26805972170536	0.00108287513036783	0.00811045112923576
80.7454979302027	1.18954987981392	0.364055230148798	3.26749839393248	0.00108502482067664	0.0081116027178998
342.45922961718	1.34515455292314	0.411713232529582	3.26721233771978	0.00108612183416453	0.0081116027178998
4664.70795285908	-1.63090415991171	0.499586339191218	-3.26450911878812	0.00109653933308807	0.00815722316410803
2.89239370482736	2.39179453752228	0.733136204091028	3.26241498397658	0.00110467301661711	0.0081906685673326
2.60212254999233	3.94174784148866	1.21138430867779	3.25392017483785	0.00113824259117018	0.00837916020586551
6.42515165438054	1.18663984363301	0.365289466118863	3.24849182277511	0.00116018543475325	0.00852848249535558
632.301288093081	-2.77961233644205	0.858515692111269	-3.23769543408857	0.00120499374892781	0.00880124695594718
266.416403557374	-2.03857450474465	0.629716774721468	-3.23728791510491	0.00120671597909313	0.00880757070900904
9.59303404096804	1.61986107446131	0.50044485588853	3.23684229221476	0.00120860184397639	0.00881182471967265
3431.70466270988	-1.02536758812899	0.317197854019591	-3.23258047031319	0.00122677578894787	0.00890715600785118
4.77837855757257	1.98944427189944	0.615570605331707	3.23187016187591	0.00122982922610656	0.00890715600785118
132.851137917361	-1.91749810062011	0.59356817275534	-3.23045976626257	0.00123591297705557	0.00894449616892294
2.62728867354984	2.89229305820749	0.895953910631755	3.22817169933225	0.001245841713839	0.00898473785772811
1882.02518257948	-1.07839208119628	0.334681365016418	-3.22214558059837	0.00127234469357212	0.00915565105734931
1310.36870236612	-1.36051263225516	0.422423493652706	-3.22073145243598	0.00127863899602355	0.00918262809714116
47.9131307350499	1.24727602105316	0.387448053876889	3.21920837793001	0.00128545036209386	0.00921866912397017
815.417056031282	2.99079930629897	0.929281535544242	3.21839958279961	0.0012890809878477	0.0092255566053768
3.28426752952425	2.02773514543212	0.630045473489684	3.2183949107688	0.00128910198774081	0.0092255566053768
4.41078208704049	1.97570148308326	0.614053556871596	3.21747421047248	0.00129324652909336	0.00924235392994867
306.648896595497	2.36950463540004	0.737004572608229	3.21504740060765	0.00130422984094864	0.00930145609175855
7.87945048643961	1.12023995668425	0.348783950912932	3.21184490786359	0.00131885552709076	0.00937974428810607
12.8376933762915	-2.84161807993817	0.886350426382491	-3.20597587066756	0.00134605275154283	0.00955335161964558
6.48111334204822	1.40225108549573	0.438300391260623	3.19929234254761	0.00137765393448562	0.00971727919221544
366.928259524774	-1.09748072895412	0.343122989783671	-3.19850538037702	0.00138141955290308	0.0097371615367068
3.9054711097752	1.61250985805948	0.504431217850026	3.19668926307194	0.00139014594276168	0.00979195950367198
53.3140432592823	1.36125871476871	0.426335469716392	3.1929286007431	0.00140837765282401	0.00987528686348911
94.0546847019148	-1.53699387330667	0.481809484676109	-3.19004486667566	0.00142250707537435	0.00994149636830166
408.063377856502	-1.52468512730404	0.478003421978878	-3.18969500467596	0.00142423015364084	0.00994350502378979
5.40725524623905	1.47367184417344	0.462121471169461	3.18892744897595	0.00142801712608263	0.00996318054588451
564.681271699266	-1.20676513232864	0.378534950392888	-3.18798866809028	0.00143266150982288	0.0099888074352668
