gene_id	baseMean	log2FoldChange	lfcSE	stat	pvalue	padj
fgenesh1_kg.12__183__Locus432v1rpkm387.16	588.740470741725	3.86140300351432	0.120845850765409	31.9531285439848	4.88813316563613e-224	3.28629192725717e-220
estExt_Genemark1.C_130215	386.050517853858	5.25701606456304	0.195092216272811	26.9463137227976	6.30090260107311e-160	2.11804840935073e-156
fgenesh1_kg.7__381__Locus862v1rpkm207.81	222.891461264832	6.19791175894947	0.331883585447336	18.6749572160837	7.91533382325764e-78	1.77382630979204e-74
fgenesh1_kg.23__105__Locus2331v1rpkm69.56	143.510481363711	-3.02321142556491	0.183253118084974	-16.4974624015022	3.82637863292914e-61	6.43118588729566e-58
fgenesh1_kg.21__184__Locus30v1rpkm2293.91	609.87663503331	-1.45414785045855	0.0890014887525981	-16.338466590157	5.25581506584738e-60	7.06696893753838e-57
e_gw1.29.217.1	147.326041701551	2.2381009881171	0.160548290506887	13.9403601312161	3.60118512518339e-44	4.03512793276799e-41
fgenesh1_kg.4__706__Locus684v1rpkm262.26	202.233358244282	-1.64845282761968	0.133849610234574	-12.3157088371847	7.45572021651405e-35	7.16068671651771e-32
fgenesh1_kg.2__1021__Locus560v1rpkm310.43	86.4528498134519	-2.5072471614496	0.210382954118772	-11.9175394791449	9.5899035641293e-33	8.05911520770516e-30
gm1.3215_g	54.3688145819762	3.36279965624243	0.30186620359597	11.14003361815	8.00891112117139e-29	5.98265660751503e-26
fgenesh1_kg.2__456__Locus1097v1rpkm159.38	109.627694204945	1.90237732238033	0.17707901082356	10.7430988773471	6.38640494458589e-27	4.29358004424509e-24
estExt_Genewise1.C_11_t20410	55.0821551902949	-2.96094864845679	0.27698951737031	-10.6897498380716	1.1367717716484e-26	6.94774238253838e-24
fgenesh1_pm.4__324	191.900876293877	-1.39159547026655	0.131209874748639	-10.6058745420835	2.79833594692228e-26	1.56776771426321e-23
e_gw1.3.448.1	88.5643611043732	1.98017811567086	0.197470226972068	10.0277299825607	1.1513306597085e-23	5.95415078863098e-21
estExt_Genewise1Plus.C_11_t20132	51.4867180918865	-2.53496260725914	0.269069475785372	-9.42121955625019	4.45878657055027e-21	2.14117300812925e-18
CE426122_60072	57.4495508731991	2.24044499855055	0.240319249909908	9.32278624950131	1.13324502790723e-20	4.76175395163767e-18
fgenesh1_pm.8__321	135.957396846108	-1.44101249757059	0.154493883651232	-9.32731098160269	1.0859087791079e-20	4.76175395163767e-18
estExt_Genewise1Plus.C_200359	49.2805460657678	-2.44012660078271	0.262353983987817	-9.3008940199514	1.39269655488e-20	5.5077052579166e-18
CE464077_1844	201.521173128487	10.2005301770841	1.10299178470429	9.24805634868701	2.28611818243124e-20	8.53865141138069e-18
fgenesh1_kg.5__588__Locus1752v1rpkm96.70	90.1846204337219	1.66723428910383	0.184657717366467	9.02878207789755	1.73592978425676e-19	5.55745520931344e-17
fgenesh1_pm.8__343	62.7138385087001	-2.06190025245628	0.236445236196285	-8.72041359608782	2.77187400532436e-18	8.47059497172531e-16
CE77058_3989	33.5741875225128	-3.00400139776032	0.349806694889264	-8.58760407290454	8.88016722218603e-18	2.59571148846768e-15
CE295976_127029	170.20209629181	-1.1693899000423	0.138846949431188	-8.42215046735215	3.69635910664868e-17	1.03544259474996e-14
fgenesh1_kg.2__557__Locus50v1rpkm1778.79	84.0796543647595	1.57621470665385	0.19580152880182	8.05006332840848	8.27512067413163e-16	2.22534545168748e-13
CE328114_3823	29.6574985910237	5.06460811459804	0.632223540319056	8.0107869948059	1.13976706549175e-15	2.94717460819272e-13
fgenesh1_pg.4__105	84.1637005190009	-1.52397279090502	0.190805889458214	-7.98703224115503	1.38225950543408e-15	3.44182616853086e-13
fgenesh1_kg.7__409__Locus2683v1rpkm58.15	47.2694044054247	1.9778401109901	0.251250973418815	7.87196994334904	3.49100044581804e-15	8.09310206801196e-13
e_gw1.51.88.1	165.97986511416	-1.15303344895726	0.146998607557081	-7.84383925888231	4.3697638641818e-15	9.79264081963142e-13
estExt_Genewise1Plus.C_7_t10189	139.163651169601	1.13177080366302	0.145772223371607	7.76396749316142	8.23130038463685e-15	1.78513008019076e-12
fgenesh1_kg.10__4__Locus4196v1rpkm30.86	25.3589550880045	3.23438262972893	0.421827658657139	7.66754517715924	1.7531928159008e-14	3.68334853165659e-12
fgenesh1_pm.3__150	24.1975731780727	-3.20433182791416	0.430020956333962	-7.45157132627187	9.22350035025408e-14	1.87907857135631e-11
MIX23919_29999_58	124.198549256793	-1.15840262076076	0.156774771458891	-7.38896067256914	1.47980925055798e-13	2.92610517397098e-11
gm1.3386_g	137.371684779814	-1.11617818287736	0.152385615876278	-7.32469515878447	2.3944237476071e-13	4.47158634865625e-11
fgenesh1_kg.19__90__Locus391v1rpkm421.85	181.567522613271	1.01578527429717	0.13912300507634	7.30134655831926	2.84901861858281e-13	5.17674383046817e-11
fgenesh1_pm.1__688	28.5057109622028	2.52554479057368	0.347826158381852	7.26093978188115	3.84410066627921e-13	6.80102336299872e-11
e_gw1.11.105.1	139.754652071122	-1.07210165451379	0.14834101660325	-7.22727724983314	4.92773452598206e-13	8.28228980454434e-11
fgenesh1_kg.6__165__Locus2857v1rpkm53.49	22.3546028895509	3.38253610063532	0.467993936156188	7.22773488993761	4.91116241690141e-13	8.28228980454434e-11
estExt_Genewise1Plus.C_7_t10373	92.3417744322008	-1.27335995132003	0.181145647864829	-7.02948133907261	2.07302674886599e-12	3.39925825186001e-10
fgenesh1_kg.26__139__Locus812v1rpkm223.01	41.9434540264477	1.90497392376725	0.272344810011197	6.99471351662227	2.65801497912855e-12	4.25472254873363e-10
fgenesh1_kg.12__269__Locus2377v1rpkm67.83	80.478460461158	-1.29964184983982	0.185898308329867	-6.99114403738238	2.72653654094845e-12	4.26290817785964e-10
e_gw1.67.13.1	32.1026675998825	-2.24610420845279	0.322715335324504	-6.96001696415895	3.40231766457569e-12	4.97256123020486e-10
fgenesh1_kg.44__43__Locus9709v1rpkm4.79	23.0452209127496	-5.34446700300582	0.767260811287949	-6.96564574181031	3.2690080271093e-12	4.97256123020486e-10
fgenesh1_kg.4__520__Locus6927v1rpkm12.28	20.1519165953275	4.54826151454643	0.653258079673133	6.9624267285331	3.34460564739668e-12	4.97256123020486e-10
fgenesh1_kg.3__712__Locus4249v2rpkm4.60	92.1553499320912	-1.23190445419524	0.17867021319787	-6.89485075405913	5.39213832719961e-12	7.71305233484318e-10
estExt_Genemark1.C_310025	50.8466144451923	-1.59882237434995	0.232219738144934	-6.88495468611755	5.78059324985941e-12	8.09644342058433e-10
gm1.7937_g	40.9286110788068	1.81186983311909	0.265087476195515	6.83498843145179	8.20116466902613e-12	1.12523326673189e-09
e_gw1.2.159.1	24.4156928837024	-2.66004223263333	0.391257860370727	-6.79869339906137	1.05572221847497e-11	1.41952409496145e-09
fgenesh1_pm.13__269	23.5528622876578	-2.70437072998712	0.39909645457699	-6.77623341167873	1.23349343523701e-11	1.62603458139185e-09
fgenesh1_kg.3__361__Locus223v1rpkm649.84	86.7388526451182	-1.21326957875225	0.179958821718664	-6.74192888775968	1.56297581886292e-11	2.02074739042603e-09
estExt_Genewise1.C_330077	43.3855778396204	-1.73647963790176	0.257934992565818	-6.73223753251958	1.67073592958539e-11	2.11931276501936e-09
estExt_Genewise1Plus.C_300030	21.1811473553795	2.90403640955654	0.433511141085115	6.69887376432239	2.10031926357373e-11	2.61489748314929e-09
gw1.3.389.1	21.2765785874183	-2.95171114263287	0.442193136211341	-6.67516273075332	2.46957980805741e-11	3.01872455446727e-09
fgenesh1_pm.14__200	24.1656447738106	-2.48727078633942	0.374990690154403	-6.6328867666429	3.2918434310089e-11	3.951975604763e-09
fgenesh1_kg.9__154__Locus1960v1rpkm84.73	25.5937477300441	-2.46416905897528	0.377883417196446	-6.52097696495175	6.98509128480453e-11	8.23873135223524e-09
estExt_Genewise1Plus.C_5_t30220	27.3489174031982	2.20069380678617	0.337791804919044	6.51494137731849	7.2718052201737e-11	8.38587547304394e-09
gm1.12252_g	24.4871809695334	-2.45113192346403	0.37633611967494	-6.51314555079432	7.35931359377647e-11	8.38587547304394e-09
estExt_Genewise1.C_14_t10212	96.4701841373721	-1.11030271560974	0.170904154180941	-6.49663971558136	8.21338387409378e-11	9.20309663092208e-09
e_gw1.6.294.1	25.7459154334691	6.43790217398657	1.00530651514413	6.40391967723751	1.51437803436523e-10	1.66904320082581e-08
e_gw1.12.698.1	17.5456344395153	3.41531575760162	0.538224588163455	6.3455216144165	2.21673070416299e-10	2.40372266517544e-08
gm1.10444_g	22.8209928910399	-6.36203028548861	1.00347893011697	-6.33997395914133	2.29804001270507e-10	2.4523369849867e-08
fgenesh1_kg.16__134__Locus3058v1rpkm48.86	33.604635929255	1.88347825259872	0.298062520762041	6.31907107201311	2.63140244022439e-10	2.76420603212947e-08
gm1.6046_g	46.8647105185268	1.62934945326758	0.259189060870514	6.28633572649725	3.25046618500513e-10	3.36198217873684e-08
fgenesh1_kg.8__496__Locus9445v1rpkm5.19	19.3782311983347	-2.93772579481284	0.46951833092346	-6.25689265216729	3.92723531484877e-10	4.00042470026186e-08
fgenesh1_kg.6__217__Locus24495v1rpkm0.61	60.1395361721347	1.33276891326613	0.213410194575974	6.24510425059224	4.23517543269265e-10	4.24971409462578e-08
fgenesh1_kg.12__304__Locus1860v1rpkm89.38	36.716457661602	-1.74280922614727	0.279894054662301	-6.22667469035744	4.76438941044268e-10	4.71043970682443e-08
CE305710_3437	76.149781215618	-1.16951557317703	0.188016127607965	-6.2202939080609	4.96224469577858e-10	4.83495233184339e-08
estExt_Genewise1.C_670016	36.7850568262977	-1.7639375715714	0.284400057048725	-6.2023108921852	5.56400240723811e-10	5.34382688340883e-08
fgenesh1_kg.4__3__Locus1778v1rpkm94.74	43.6760887841769	-1.55580298709682	0.251036193255827	-6.19752461554944	5.73580704850192e-10	5.43124377282795e-08
fgenesh1_kg.24__113__Locus5877v1rpkm17.57	18.671258863115	-2.75945674355851	0.449856029980541	-6.13408859647358	8.5648779873132e-10	7.9974548206537e-08
fgenesh1_kg.46__86__Locus4286v1rpkm29.93	25.5678526410847	-2.06396089770422	0.342143796781571	-6.03243699613786	1.61505319093359e-09	1.46729764900629e-07
e_gw1.5.1757.1	18.4670897040397	2.69479763196172	0.449049260313869	6.0011180735008	1.95963419628173e-09	1.73350272389501e-07
fgenesh1_kg.13__224__Locus9798v1rpkm4.67	21.722367760298	-2.25940432767651	0.384897174908938	-5.87015045826477	4.35399823977218e-09	3.80154937220628e-07
fgenesh1_kg.74__28__Locus758v1rpkm236.43	47.6045388580251	-1.39254274460267	0.237792896500734	-5.85611582639673	4.73817826087077e-09	4.08394518561977e-07
e_gw1.51.23.1	36.7648503481745	-1.59466826929685	0.277900133756819	-5.73827816395474	9.56439355509343e-09	7.97798542681793e-07
fgenesh1_kg.9__558__Locus13194v5rpkm0.28	14.1196027825889	3.44844617179186	0.60104302309551	5.73743648837577	9.6120306347204e-09	7.97798542681793e-07
fgenesh1_kg.3__452__Locus900v1rpkm197.98	83.5853131109633	-1.07374763449452	0.187570868115451	-5.72449040345447	1.03744671614703e-08	8.5057978934835e-07
MIX24039_2229_61	14.733263696795	-3.03638269536982	0.531280240344582	-5.71521856977112	1.09563107035012e-08	8.87461166983597e-07
gm1.9084_g	54.0177784254851	-1.28031619003986	0.224321490629848	-5.70750571621559	1.14643771927834e-08	9.17559617465271e-07
fgenesh1_kg.8__503__Locus700v1rpkm255.24	38.7284679543873	-1.51350678956264	0.265574877303571	-5.69898329589586	1.20524032844694e-08	9.53274203311624e-07
e_gw1.3.786.1	41.2693430384004	1.45725399612208	0.256452160678667	5.68236193551905	1.3284714777238e-08	1.0385248540392e-06
fgenesh1_kg.30__23__Locus16886v3rpkm0.66	13.1930443580494	3.52995205505895	0.636973722012202	5.54175460159929	2.99455773839737e-08	2.31407030749948e-06
fgenesh1_kg.23__125__Locus2619v1rpkm59.90	27.0431057300111	-1.78824793088554	0.323319857576704	-5.53089421815453	3.18602421598964e-08	2.40670121394364e-06
estExt_Genewise1.C_10_t10057	59.4994478310808	-1.17129391861175	0.211895918505617	-5.5276851336837	3.2448373740034e-08	2.42389351838054e-06
fgenesh1_kg.23__143__Locus2327v1rpkm69.61	32.8439811451825	-1.66720453607344	0.301962499738492	-5.52123040946237	3.36634002740927e-08	2.48702241805192e-06
gm1.12003_g	66.2314970356985	-1.08345196416818	0.196928093909727	-5.50176433772235	3.7600933177521e-08	2.74772906252689e-06
estExt_Genemark1.C_430071	46.1078735821948	-1.3357533139998	0.243118322799534	-5.49425192893096	3.92370037528406e-08	2.83645565839084e-06
estExt_Genewise1Plus.C_2_t30286	27.0422818113782	-1.77674402648471	0.326202338513299	-5.44675441194692	5.12972122863543e-08	3.66884210852298e-06
fgenesh1_kg.3__69__Locus2224v1rpkm73.81	40.6530350848287	1.4626163205033	0.268672602233046	5.44386107234943	5.21378894210321e-08	3.68971611134314e-06
CE442950_874	19.2750002537797	-2.2126451429202	0.406743729419206	-5.43989982606411	5.3310538308244e-08	3.73340363589921e-06
estExt_fgenesh1_pm.C_2_t10131	79.8506710132639	1.00059766966974	0.185658169442029	5.38946211026911	7.06688767810901e-08	4.89800885153885e-06
estExt_Genewise1Plus.C_430030	12.5500792689498	-6.16779007660293	1.14535151954656	-5.38506298838693	7.24192829580935e-08	4.96811060538023e-06
fgenesh1_kg.9__299__Locus1033v1rpkm171.63	61.1339344466282	-1.09110874318153	0.203932048806354	-5.35035444192297	8.77821336005246e-08	5.96120489087199e-06
e_gw1.10.439.1	12.651151703851	3.2641909071522	0.612599531637772	5.32842540448154	9.90678694899994e-08	6.5297381037379e-06
fgenesh1_kg.14__135__Locus4345v1rpkm29.26	47.2083167181616	1.2449549108194	0.234497523021565	5.30903224382847	1.10208837233256e-07	7.1935341040697e-06
gm1.7022_g	8.75947035860393	6.5942403899649	1.2465373924613	5.29004619503994	1.22285470347834e-07	7.9050501648893e-06
gm1.2762_g	13.2034684124348	3.06910308472218	0.581837545751678	5.27484537072489	1.32868070402774e-07	8.50735273636046e-06
e_gw1.16.404.1	28.467822470169	1.65775217723224	0.314531669188781	5.27054137825868	1.36021956119458e-07	8.62712840557654e-06
fgenesh1_pm.1__202	28.6134346349574	-1.62822629069376	0.309483972980912	-5.26110051842388	1.43195719511601e-07	8.99724132968687e-06
fgenesh1_kg.2__749__Locus10578v1rpkm3.80	23.1204960014315	-1.93113299244716	0.368396909834968	-5.24199020375133	1.58853806030816e-07	9.88864942541829e-06
CE370630_6936	37.0741676463238	-1.41335041767906	0.270868376515989	-5.21784948046762	1.81012466063075e-07	1.11646496269913e-05
fgenesh1_kg.8__247__Locus26450v1rpkm0.53	13.1513527535132	-2.77514257458625	0.539286115860253	-5.14595590906216	2.66161937475998e-07	1.61207811319922e-05
gm1.1641_g	31.8594971345963	1.57651456113643	0.306863751999959	5.1375066323788	2.78407645103225e-07	1.67119160538302e-05
gm1.5220_g	15.9410625136847	2.38413067032362	0.465356443347401	5.12323554214506	3.00336780758801e-07	1.77119664652756e-05
fgenesh1_pm.18__60	17.6245718029522	-2.25821056236415	0.443167461164172	-5.09561454812585	3.47611757462211e-07	2.01464986674004e-05
fgenesh1_kg.4__712__Locus914v1rpkm194.53	38.5527265348072	-1.32141753721705	0.260645158388141	-5.06979506309975	3.98244287979611e-07	2.28837294708284e-05
e_gw1.1.1698.1	28.3583687031033	-1.55752695520252	0.309936237156884	-5.02531414038602	5.02609123714957e-07	2.81586761561305e-05
fgenesh1_pm.19__46	44.9565412083006	1.20494365093478	0.239698284462589	5.02691812599452	4.98425023614138e-07	2.81586761561305e-05
fgenesh1_kg.35__97__Locus7479v2rpkm5.03	10.6369100954915	3.72677658685725	0.744471049189798	5.00593890241007	5.55903892203198e-07	3.08871228701e-05
e_gw1.6.208.1	10.6438938028025	-3.31758235188945	0.663952172276637	-4.99671887586983	5.8313981646791e-07	3.21348277550308e-05
fgenesh1_kg.30__117__Locus434v1rpkm385.99	30.9636638991291	-1.53002322740809	0.307162570920359	-4.9811512607921	6.32071086797508e-07	3.45480806222735e-05
CE1354_14251	28.750104596361	-1.51520867495303	0.304628394084434	-4.97395746547862	6.55997084696507e-07	3.52821472033169e-05
fgenesh1_kg.19__223__Locus1952v1rpkm85.24	17.5544829999759	2.09446200253576	0.421010464615737	4.97484546957144	6.52997103327083e-07	3.52821472033169e-05
fgenesh1_kg.2__384__Locus4711v1rpkm25.96	54.3104604169668	-1.07554470637717	0.2164197349125	-4.96971640230507	6.70508995095286e-07	3.57764442382984e-05
estExt_Genewise1.C_310035	59.1733973244351	1.03645108018095	0.209122974175903	4.95617989494134	7.18926563794817e-07	3.80578211684453e-05
gm1.5886_g	23.0345057242304	-1.71930260485978	0.347679401235724	-4.94508043545009	7.61124308400952e-07	3.99768650420281e-05
fgenesh1_kg.5__173__Locus462v1rpkm367.72	15.2985464066996	2.21912537800053	0.456503018990501	4.86114064022588	1.16711295567444e-06	6.08255845038704e-05
fgenesh1_kg.7__347__Locus755v1rpkm238.02	17.8757130613724	1.95156503846713	0.40391281441889	4.83164922923986	1.35406667678333e-06	7.00260789847258e-05
e_gw1.1.1381.1	9.4504366770348	4.51853346138614	0.941856783731273	4.79747403154592	1.6067903280176e-06	8.24614608798651e-05
fgenesh1_pm.57__14	38.8609952175657	-1.21580728400659	0.25433420110042	-4.780353089542	1.74987590964315e-06	8.91243616706888e-05
fgenesh1_kg.3__588__Locus1437v1rpkm122.42	26.5504107315029	1.5131953436053	0.316995525868359	4.7735542621939	1.81002751712812e-06	9.14948496064085e-05
fgenesh1_pm.1__279	14.2278129153636	2.37246429481674	0.498299092742054	4.76112505395399	1.92516703088006e-06	9.65887906612438e-05
fgenesh1_kg.13__282__Locus683v1rpkm262.27	32.1161050033235	-1.33722384218892	0.283629438196003	-4.71468635517598	2.4208335558148e-06	0.000119671058792227
fgenesh1_kg.12__45__Locus2037v1rpkm81.59	16.2910834106749	-2.17710468585936	0.463032028055023	-4.70184469744854	2.57821570366351e-06	0.000126520760406787
fgenesh1_kg.4__439__Locus98v1rpkm1179.20	27.9372451060332	1.42423510893506	0.307947653461292	4.62492599936011	3.74732163697451e-06	0.000177417206798448
CE403705_297	5.52943040971144	-5.94748922133851	1.28772339164105	-4.61860773823417	3.86323379076509e-06	0.000181626019407788
estExt_Genewise1Plus.C_180191	9.14597652595771	-3.61145809754861	0.785309683342789	-4.59876934431255	4.24993997562248e-06	0.000198419072611874
fgenesh1_kg.15__214__Locus1595v1rpkm109.13	18.3545377738635	1.81065077230009	0.395094340850211	4.58283145337825	4.58721775878063e-06	0.000211231952001933
fgenesh1_kg.4__149__Locus17241v3rpkm0.54	15.1019874080336	-2.06138950181366	0.451632327124744	-4.56430901423114	5.01142176582602e-06	0.000229195840351349
fgenesh1_kg.4__331__Locus440v4rpkm2.27_PRE	38.4054753340795	1.18449683447539	0.260178695685678	4.55262807492271	5.29798875022619e-06	0.000240664718701153
CE336349_6508	19.6865456496007	1.713931311606	0.378096627335453	4.53305104487317	5.81377584927686e-06	0.000260573433564589
estExt_Genewise1.C_170005	26.7236027132864	1.44204668942039	0.318790997535185	4.52348623571538	6.08292771233738e-06	0.000270831278212213
fgenesh1_kg.3__762__Locus1891v2rpkm6.83_PRE	21.6801847707676	-1.67219076109665	0.370070649298257	-4.51857169507369	6.2258192128196e-06	0.000275369622156488
fgenesh1_pm.42__31	8.36273147075824	-4.77189828436001	1.06326802934053	-4.4879542624071	7.19103617931535e-06	0.00031598258976168
gm1.1324_g	38.7404653839709	1.15100560394536	0.257486649048931	4.4701564457683	7.8162402644937e-06	0.000339023118052846
gm1.7360_g	49.9726853542382	-1.02391947193387	0.229938179128449	-4.45302070241187	8.46705871978833e-06	0.000364897665212416
fgenesh1_kg.2__464__Locus2647v1rpkm59.21	23.4921917998176	-1.4800449868322	0.335272688186013	-4.41445139727891	1.01266463009149e-05	0.00043363976484746
estExt_Genemark1.C_90026	16.3537025907174	-1.82937397909878	0.41474415295696	-4.41084935388738	1.02965936734577e-05	0.000437864605283827
fgenesh1_kg.11__434__Locus1341v1rpkm131.70	10.9342967025647	2.5721681088929	0.583309304684844	4.40961268444469	1.03555663007777e-05	0.000437864605283827
fgenesh1_kg.62__6__Locus6225v1rpkm15.54	7.73103941681445	-3.76574122587906	0.858421066341115	-4.38682293985391	1.15018344057331e-05	0.000482306097619023
fgenesh1_pm.12__80	6.8710535023433	-5.27453701209468	1.20260901241589	-4.38591176154483	1.15500939635078e-05	0.000482306097619023
e_gw1.11.751.1	4.72666792644536	5.69062127663282	1.30373265901123	4.36486823989565	1.27199405291822e-05	0.000524639019495041
estExt_Genemark1.C_7_t10078	4.65616565286143	-5.71407958994077	1.31184663558199	-4.35575274956265	1.326103991065e-05	0.000543621776337194
fgenesh1_pm.2__436	12.8270349000912	2.16011059664151	0.496187421208464	4.35341668150428	1.34032049265089e-05	0.00054611967709648
fgenesh1_pm.42__32	7.64864620066175	-4.14165486459052	0.951975801884389	-4.35058838301596	1.35772714342016e-05	0.000549879493085164
CE1333_23988	41.890142037574	-1.08132069465544	0.249332897127269	-4.33685529312041	1.44535711279999e-05	0.000581864423314631
fgenesh1_kg.55__62__Locus2936v1rpkm51.72	42.7675607589173	-1.13288126717799	0.262876876530779	-4.30955085182375	1.63586441469979e-05	0.0006546378845254
estExt_Genemark1.C_4_t10095	23.9618851821663	-1.48654062987805	0.348211819377181	-4.26906999462828	1.9628967041921e-05	0.000776267914251969
estExt_fgenesh1_pg.C_40105	9.76007588463636	-2.79260312914451	0.655699752527032	-4.2589662698239	2.05374454492478e-05	0.0008074458816099
e_gw1.3.835.1	23.9789735902602	1.43556008270585	0.337861854124271	4.24895579415671	2.14769291481774e-05	0.000839473224786027
fgenesh1_kg.11__174__Locus3283v1rpkm44.05	44.0290897370853	1.03579090372646	0.243888057461259	4.24699312671756	2.16658603465884e-05	0.000841962885029559
gm1.9471_g	8.7066828518045	3.03768337923922	0.722973871038194	4.20165029598801	2.6497623774474e-05	0.00101796299791879
fgenesh1_kg.1__778__Locus22741v3rpkm0.41	17.1119151745	1.67937106493583	0.399860385950519	4.19989357271226	2.67040471379359e-05	0.00102006425516104
e_gw1.12.150.1	5.6455123987492	5.10597304985343	1.22057301643419	4.18325899483681	2.87359700969421e-05	0.00109147981334317
gm1.6153_g	18.6213375103919	-1.62373807334742	0.38865692050527	-4.17781850182031	2.94318360862284e-05	0.00111163052813322
gm1.5338_g	12.1965501469238	-2.10095261693701	0.503567413573381	-4.17213775217974	3.01755104979869e-05	0.00113335171551936
fgenesh1_kg.5__260__Locus82v1rpkm1427.72	30.2497326218751	1.24936775513679	0.299838568900461	4.16680135487024	3.08903451295591e-05	0.00114738005693937
fgenesh1_pg.8__182	13.1432398883962	-2.08888829736969	0.503306475532507	-4.15033066117341	3.31995312482964e-05	0.00121967458241692
e_gw1.67.44.1	41.3018873173413	1.01351614147867	0.244479431263232	4.14560904466197	3.38911663664005e-05	0.00123831691022451
fgenesh1_pg.14__171	33.8922766545971	1.11606734685583	0.2693434333106	4.14365901977942	3.41807859470123e-05	0.00124214823741494
CE447422_11578	28.9687321887551	1.33386514682822	0.322186688847411	4.14003803695299	3.47248238412623e-05	0.00125513435852046
gm1.215_g	14.9429865477711	-1.9058140275429	0.460970980738436	-4.13434707861642	3.55965178737125e-05	0.00127976144205866
estExt_fgenesh1_pm.C_80321	18.5249230054383	1.60040553728228	0.388995238566782	4.11420341076366	3.88518731651654e-05	0.00138936778345429
e_gw1.47.55.1	26.1536457071152	1.3245149780888	0.323464177625188	4.09478102896318	4.22567572575295e-05	0.0015031332224464
gm1.2341_g	24.1059559643114	-1.35277683208347	0.330768611836077	-4.08979807538051	4.31748894779911e-05	0.00151971090031693
e_gw1.8.536.1	37.1234949768655	-1.1047237570835	0.270395116544047	-4.08559063936921	4.39648331578193e-05	0.00153945611104177
fgenesh1_pm.1__738	13.7575594393383	-1.86117454520127	0.456485070686984	-4.07718601267793	4.55840247816906e-05	0.00158788289433837
gm1.5397_g	8.03856134986439	-3.07031669134143	0.754435791083089	-4.0696858866327	4.70765658486634e-05	0.00163142140309569
fgenesh1_pm.8__11	14.0762956434865	-1.84372585187527	0.454845434570573	-4.05352172791613	5.04523115472849e-05	0.0017394404642687
fgenesh1_kg.86__1__Locus605v1rpkm288.43	37.7125354355737	1.0386966812775	0.259080754278442	4.00916186989784	6.09346376489106e-05	0.00209012024955932
fgenesh1_pm.4__267	37.6646501642135	1.0462061837738	0.262588790394467	3.98419971470284	6.77079134879837e-05	0.0022874387054257
estExt_Genemark1.C_7_t10419	18.9037234125973	1.51714095785603	0.382785598945446	3.96342224481714	7.38829348017552e-05	0.00247121875956319
estExt_Genemark1.C_200141	16.506819266847	-1.62385832854672	0.410457042591382	-3.95621992083421	7.61450671855112e-05	0.0025342736964762
gm1.7865_g	3.63271297361391	-5.32395834917698	1.34653599064998	-3.95381808295157	7.69138967412294e-05	0.00254040324847214
fgenesh1_pm.20__115	9.05115320066011	-2.3837527060038	0.606658237430872	-3.9293172974931	8.51873725376046e-05	0.00279373027107471
estExt_Genemark1.C_320121	6.59350738933083	3.39245591088834	0.866340694800732	3.91584503792546	9.00881013872294e-05	0.00294010827973953
estExt_Genewise1Plus.C_1_t40295	30.375018191883	-1.14877550265471	0.29391915791518	-3.90847439412653	9.28807892991579e-05	0.00301660650462917
fgenesh1_kg.26__62__Locus16848v4rpkm0.28	8.73797882473669	-2.41503759338946	0.619393743567838	-3.8990345292775	9.65770031422013e-05	0.00312157303906259
fgenesh1_kg.10__411__Locus344v1rpkm479.14	23.0150226040845	-1.30579017170817	0.335848092199517	-3.88803808042012	0.000101057774357303	0.00320477083492524
CE379069_9170	10.6184821222332	-2.07560728556491	0.535476501922768	-3.87618742953595	0.00010610596218366	0.00331790876167788
fgenesh1_pg.20__70	13.9895788209351	-1.82445204616851	0.470651527788155	-3.87643923040597	0.000105996267596468	0.00331790876167788
estExt_Genewise1Plus.C_680003	6.4629873509695	-3.23182470763957	0.837208792720313	-3.86023741716629	0.000113276910150911	0.0035094961610349
e_gw1.11.618.1	9.09902603455841	2.51015118454236	0.651152715601689	3.85493467876101	0.000115760533441496	0.00356999112994119
gm1.2254_g	19.3063721900894	1.50916434865844	0.39339455505579	3.83626140540867	0.000124921442035177	0.00380021201268097
gm1.2528_g	11.1682722125604	-2.01447397230618	0.532054152547787	-3.78621980988157	0.000152956384791945	0.00455011404847897
fgenesh1_kg.43__85__Locus2645v1rpkm59.29	20.0951565401391	1.37941694220025	0.365387308026013	3.77521854727928	0.000159867439478816	0.00469340085421868
estExt_fgenesh1_pg.C_220053	15.1721242848842	-1.59634388711788	0.424584593298115	-3.7597781745157	0.000170064084250956	0.00490704222497499
fgenesh1_kg.30__177__Locus1469v1rpkm119.09	9.99103269153463	-2.1109954230727	0.561452434669284	-3.75988292635359	0.000169992891204425	0.00490704222497499
fgenesh1_pm.41__50	3.24467903102193	5.20486437584746	1.39387370707624	3.7341004062449	0.000188387332846252	0.0053666442318871
estExt_Genewise1.C_7_t10247	6.53873109081705	-2.99985303275879	0.804630539621834	-3.72823660678934	0.000192824299653261	0.0054698639939615
fgenesh1_kg.32__11__Locus5782v2rpkm16.99	5.59944679190073	-3.70157956616618	0.997621790643286	-3.71040368292209	0.000206929015530821	0.00584530996392314
fgenesh1_kg.16__210__Locus2193v1rpkm75.36	3.18031079911483	5.09575819399793	1.37466542539649	3.70690795000403	0.000209805156620689	0.00590175760653092
gm1.4924_g	4.18349139441393	-4.63390393387904	1.25087348130206	-3.70453447382667	0.000211779306148439	0.00593246781348316
fgenesh1_pm.7__220	10.4191068459487	2.05168251938261	0.555202885059883	3.69537438401696	0.000219563014571372	0.00612498816167358
fgenesh1_pm.4__429	9.64118514302775	2.12532300036104	0.57552692757475	3.69282982000004	0.000221772437788544	0.00616105826137349
fgenesh1_pg.1__160	5.89805305266144	3.30431753803099	0.89813929294864	3.67907023328501	0.000234085802179419	0.00643473947273866
fgenesh1_pm.5__586	9.91607832585601	-2.08242964798763	0.56608920886226	-3.67862452664121	0.000234495191257024	0.00643473947273866
CE299225_20193	11.4040966910254	-1.95103951072884	0.532314800802215	-3.66519869030235	0.00024714663302847	0.00675433664166832
CE450215_4172	10.0109049273778	2.0681230027694	0.565136956867111	3.65950762490252	0.000252700324426001	0.00687815498427531
CE125744_143	3.00273148738699	-5.09476455374083	1.39474225036121	-3.65283589309881	0.000259359997299471	0.00703095670098524
fgenesh1_kg.18__178__Locus4347v4rpkm0.54_PRE	5.83235515927607	-3.28503657662107	0.900046426693213	-3.64985236227242	0.00026239107723728	0.00705622084906494
fgenesh1_kg.54__29__Locus10850v1rpkm3.57	13.5308690539191	1.69376762883329	0.463971557934322	3.65058504097584	0.000261643660289825	0.00705622084906494
CE324341_5486	22.6948324822068	-1.23234416141511	0.33888082183582	-3.63651195939365	0.000276354818246734	0.00740212527120634
gm1.12038_g	12.2663155283006	-1.76613907079697	0.486408476409779	-3.63097922107154	0.000282347918523722	0.00751803232855627
CE210087_118	5.52009420717513	-3.56770385108224	0.986706005453268	-3.61577190304353	0.000299453970615709	0.00783357604844128
fgenesh1_kg.2__896__Locus2402v2rpkm1.49_PRE	26.6810043099727	-1.10520646878676	0.305603059292447	-3.61647711035882	0.000298639712202625	0.00783357604844128
estExt_Genewise1Plus.C_150054	5.96818768305084	3.02971172611157	0.843970255205097	3.589832351823	0.000330890703929598	0.0085232881322555
fgenesh1_kg.10__71__Locus3980v1rpkm33.47	16.1098540000144	-1.51339276879282	0.423278708004489	-3.57540490502717	0.000349686267667039	0.00890507870274811
fgenesh1_kg.5__46__Locus2166v2rpkm1.14_PRE	6.77169759815644	-2.61128136146237	0.731146845790864	-3.57148687229555	0.000354960342983007	0.00900527692782928
