0.48430
0.54260
0.53509
0.54018
0.51082
0.53556
0.51515
0.49776
0.53247
0.52679
0.53219
0.52863
0.52915
0.53165
0.51282
0.53125
0.52535
0.53279
0.51570
0.52655
0.50622
0.50862
0.52917
0.57071
0.51073
0.48430
0.50242
0.53279
0.53252
0.53125
0.52212
0.53419
0.52863
0.48430
0.48430
0.52459
0.51282
0.52018
0.53648
0.48430
0.53275
0.50417
0.48430
0.52915
0.48430
0.53247
0.48430
0.53165
0.52863
0.52018
0.51515
0.52232
0.48430
0.50847
0.48430
0.52315
0.54967
0.52151
0.53279
0.53419
0.52917
0.50220
0.48661
0.48430
0.53043
0.52814
0.52083
0.48430
0.52915
0.51515
0.52917
0.52863
0.51709
0.52500
0.53247
0.52703
0.53279
0.54008
0.51261
0.50847
0.53219
0.48430
0.53247
0.49689
0.53648
0.51515
0.51337
0.54583
0.48430
0.52915
0.48430
0.50644
0.53252
0.51515
0.53219
0.53252
0.51073
0.54008
0.48430
0.52889
0.52915
0.51709
0.53509
0.54733
0.52915
0.51515
0.51613
0.54658
0.51220
0.52915
0.53043
0.52889
0.51502
0.50000
0.52863
0.53363
0.51269
0.53070
0.53247
0.54464
0.51429
0.52018
0.48430
0.52459
0.50847
0.48430
0.51818
0.52459
0.53279
0.53448
0.52459
0.53219
0.48430
0.48430
0.48430
0.54260
0.53509
0.50649
0.48430
0.48430
0.51709
0.54583
0.51899
0.52915
0.53043
0.48430
0.48430
0.52889
0.52915
0.51502
0.53247
0.51695
0.52703
0.51121
0.52915
0.52018
0.52381
0.52778
0.53333
0.52915
0.50761
0.50262
0.50216
0.53247
0.51121
0.52863
0.53247
0.54772
0.48430
0.48430
0.53419
0.51282
0.52863
0.52889
0.53617
0.52252
0.54260
0.52863
0.48430
0.52018
0.46188
0.53333
0.51915
0.48430
0.52915
0.48430
0.49787
0.52915
0.53846
0.54938
0.48430
0.54260
0.53097
0.48430
0.52018
0.48430
0.51121
0.53043
0.54260
0.51980
0.48430
0.52915
0.53219
0.48430
0.52917
0.53043
0.48661
0.52915
0.48430
0.54505
0.48095
0.50847
0.53556
0.53043
0.52915
0.48430
0.51121
0.53279
0.48430
0.54260
0.50644
0.52915
0.52018
0.53219
0.51948
0.51121
0.54430
0.52321
0.48430
0.48214
0.50435
0.50296
0.47982
0.49351
0.50649
0.48430
0.48430
0.52655
0.53361
0.52381
0.48430
0.50649
0.50855
0.52863
0.48430
0.52284
0.48430
0.51055
0.52917
0.52083
0.53247
0.51709
0.48430
0.50000
0.52915
0.53125
0.52535
0.48430
0.52018
0.51304
0.52863
0.54260
0.53419
0.53247
0.48430
0.53279
0.53680
0.48214
0.48430
0.50649
0.53275
0.51304
0.51304
0.48430
0.52863
0.53219
0.48430
0.53247
0.54260
0.52066
0.54694
0.48430
0.51931
0.50424
0.51515
0.53879
0.51064
0.54274
0.52381
0.51515
0.54822
0.51502
0.53419
0.54008
0.51724
0.54918
0.50855
0.54852
0.53469
0.51883
0.52703
0.51230
0.48430
0.52018
0.48430
0.53247
0.53419
0.53617
0.48430
0.51515
0.53419
0.53043
0.53247
0.48430
0.52915
0.50833
0.53947
0.53846
0.53448
0.51515
0.53419
0.53043
0.48430
0.50649
0.48430
0.54260
0.51515
0.52542
0.51121
0.51230
0.48416
0.50855
0.48430
0.48430
0.52653
0.51230
0.53540
0.51282
0.48430
0.50213
0.53279
0.51121
0.51515
0.53363
0.54583
0.52941
0.48430
0.53097
0.51244
0.51802
0.48430
0.52792
0.48430
0.52889
0.52915
0.52915
0.52018
0.51271
0.52966
0.52018
0.52915
0.57207
0.53023
0.51515
0.53247
0.53247
0.48230
0.48430
0.52863
0.51489
0.52459
0.47283
0.53689
0.48430
0.53419
0.48430
0.53247
0.53247
0.48430
0.52083
0.52083
0.53043
0.53247
0.53333
0.48649
0.53750
0.54260
0.51304
0.52020
0.52018
0.48430
0.48430
0.53219
0.52301
0.52917
0.53017
0.50901
0.51121
0.48430
0.53247
0.48430
0.52915
0.48430
0.52423
0.52941
0.51282
0.48430
0.54583
0.51099
0.52966
0.53247
0.52915
0.48430
0.53878
0.48372
0.53419
0.48214
0.52018
0.51899
0.51053
0.48077
0.52535
0.50644
0.52915
0.52381
0.51121
0.51055
0.48430
0.52703
0.48430
0.53140
0.48879
0.54430
0.51515
0.50649
0.54260
0.53211
0.54260
0.48430
0.48430
0.48430
0.52361
0.48430
0.53750
0.54918
0.48430
0.53043
0.52632
0.48430
0.53043
0.51852
0.53279
0.51282
0.51795
0.52315
0.48430
0.48430
0.52915
0.48430
0.48430
0.51515
0.53097
0.48430
0.50746
0.52915
0.48430
0.53419
0.51515
0.51111
0.51304
0.48430
0.51667
0.48430
0.51304
0.52018
0.52889
0.52889
0.48430
0.53247
0.51570
0.48430
0.51899
0.51082
0.53589
0.50673
0.48430
0.52703
0.51931
0.48444
0.51948
0.52466
0.50649
0.53247
0.52119
0.53219
0.48214
0.51456
0.53110
0.50000
0.48430
0.51121
0.51502
0.52889
0.54508
0.53363
0.48430
0.51121
0.52655
0.52915
0.50971
0.52466
0.48430
0.52917
0.52018
0.48430
0.53140
0.51502
0.48430
0.53680
0.48430
0.53617
0.51709
0.48430
0.52941
0.53247
0.48430
0.48430
0.48430
0.48430
0.52889
0.52915
0.51556
0.51477
0.52083
0.53279
0.52018
0.52423
0.53419
0.48430
0.52315
0.48430
0.53556
0.53333
0.50847
0.53125
0.50833
0.48430
0.53247
0.52083
0.52915
0.53333
0.52917
0.53419
0.48430
0.53097
0.53247
0.52521
0.50649
0.54260
0.52915
0.52018
0.51765
0.53247
0.51230
0.51271
0.52915
0.50649
0.53419
0.48430
0.47938
0.54918
0.48430
0.51515
0.52679
0.51759
0.54430
0.53419
0.52083
0.53608
0.51724
0.50424
0.53419
0.50847
0.52083
0.48430
0.48430
0.53363
0.48430
0.53586
0.52814
0.50855
0.53419
0.53469
0.53279
0.48430
0.53750
0.48430
0.50932
0.53814
0.51502
0.51020
0.53304
0.48430
0.51515
0.51724
0.53750
0.51515
0.48430
0.50649
0.48430
0.48430
0.53247
0.54260
0.48430
0.51709
0.48430
0.51261
0.48430
0.52863
0.53252
0.53247
0.48430
0.48649
0.53252
0.51724
0.53814
0.51515
0.48558
0.48430
0.52609
0.52863
0.48430
0.53247
0.51082
0.48661
0.52889
0.50847
0.53125
0.53846
0.51121
0.48430
0.48430
0.53279
0.52915
0.48430
0.53846
0.52915
0.53043
0.51121
0.53043
0.48430
0.53247
0.51282
0.48214
0.53363
0.50649
0.52863
0.55172
0.52018
0.52500
0.54040
0.53219
0.54545
0.53043
0.52315
0.52466
0.51802
0.54008
0.48430
0.51121
0.52915
0.53165
0.48430
0.48430
0.52863
0.52018
0.53043
0.48430
0.52814
0.48430
0.53247
0.52535
0.51556
0.56637
0.52915
0.45622
0.50847
0.51121
0.50893
0.48430
0.51442
0.52915
0.54260
0.48430
0.52915
0.52917
0.51795
0.51055
0.48430
0.53419
0.52863
0.50644
0.50855
0.48430
0.48430
0.52466
0.52766
0.50224
0.48515
0.52863
0.52915
0.48430
0.48430
0.52915
0.51230
0.54260
0.54583
0.48430
0.52915
0.57709
0.50222
0.52917
0.54430
0.53247
0.50870
0.51075
0.51282
0.53419
0.53017
0.51220
0.51073
0.51261
0.48430
0.51073
0.50424
0.47982
0.52381
0.53419
0.53125
0.54008
0.51293
0.54583
0.48430
0.52863
0.53247
0.48430
0.53617
0.48430
0.53750
0.53279
0.51121
0.51709
0.48430
0.47945
0.52137
0.54008
0.53219
0.53153
0.52863
0.52863
0.50862
0.49309
0.53140
0.48430
0.51656
0.53097
0.52018
0.50833
0.51304
0.52055
0.48430
0.48430
0.51709
0.53689
0.52083
0.52915
0.53419
0.51020
0.52018
0.53279
0.55024
0.51489
0.47768
0.53070
0.52404
0.53571
0.53219
0.52915
0.48430
0.53247
0.48430
0.54658
0.52018
0.51802
0.50769
0.52535
0.52863
0.52119
0.52000
0.48430
0.48430
0.51244
0.48430
0.52459
0.53247
0.51515
0.53478
0.53219
0.53247
0.51515
0.53333
0.52564
0.48430
0.52915
0.53883
0.48430
0.54202
0.50649
0.51502
0.48430
0.53846
0.53125
0.53247
0.52655
0.52703
0.52018
0.53571
0.54260
0.52535
0.52915
0.52632
0.51073
0.53279
0.51899
0.51230
0.48430
0.53419
0.51230
0.53279
0.53247
0.48430
0.51304
0.48230
0.53304
0.50644
0.51020
0.53110
0.53363
0.53043
0.51489
0.53017
0.48430
0.53247
0.52915
0.51082
0.53219
0.53219
0.53540
0.51934
0.53361
0.48309
0.51515
0.48430
0.52261
0.48430
0.52315
0.48430
0.50840
0.52915
0.50847
0.52083
0.53070
0.52915
0.52915
0.51121
0.48430
0.48198
0.52915
0.50649
0.54430
0.54140
0.51899
0.51073
0.48430
0.46188
0.51230
0.53279
0.48661
0.53252
0.50901
0.53419
0.53043
0.52018
0.54008
0.53279
0.53247
0.52966
0.56828
0.54260
0.51082
0.52915
0.51121
0.51064
0.54260
0.42489
0.53252
0.53419
0.48430
0.48430
0.53247
0.48430
0.51230
0.52915
0.51055
0.53247
0.53247
0.53043
0.50901
0.53419
0.51709
0.48430
0.51667
0.54872
0.52863
0.48430
0.51553
0.48430
0.52915
0.53219
0.52915
0.53247
0.48430
0.42678
0.53247
0.51502
0.50649
0.51659
0.50633
0.52752
0.52655
0.54008
0.53648
0.52915
0.50000
0.48430
0.52863
0.53125
0.48430
0.48430
0.51261
0.53219
0.48430
0.51073
0.48585
0.51515
0.53247
0.54430
0.53219
0.53043
0.53247
0.53043
0.53363
0.53247
0.53247
0.51709
0.48000
0.54733
0.51709
0.48430
0.50649
0.52863
0.51121
0.52479
0.52018
0.52917
0.48430
0.53070
0.51515
0.52915
0.47926
0.51931
0.53247
0.52459
0.48430
0.51111
0.54260
0.51934
0.52083
0.52609
0.53333
0.52459
0.54709
0.52655
0.51883
0.52459
0.48430
0.48430
0.48430
0.53247
0.48430
0.52083
0.48430
0.52915
0.48430
0.54583
0.53247
0.48661
0.53043
0.54018
0.50515
0.48430
0.52915
0.47959
0.52655
0.51477
0.51121
0.51250
0.48430
0.51515
0.50644
0.48430
0.54430
0.47982
0.50000
0.48430
0.52917
0.46444
0.52968
0.51892
0.48558
0.53814
0.53419
0.53070
0.52917
0.48430
0.48430
0.53419
0.48430
0.48214
0.52535
0.52239
0.52459
0.48430
0.48430
0.53247
0.53043
0.54918
0.53279
0.53469
0.53750
0.48430
0.52889
0.51244
0.48430
0.52083
0.52778
0.52252
0.50633
0.51261
0.52535
0.52466
0.52675
0.52970
0.52083
0.50847
0.52790
0.52915
0.51261
0.53043
0.51304
0.53478
0.54260
0.51596
0.51489
0.53043
0.50847
0.52466
0.51121
0.53617
0.51948
0.48430
0.51515
0.48430
0.48430
0.51515
0.51681
0.51502
0.51709
0.51456
0.48430
0.54260
0.48430
0.52917
0.50794
0.48430
0.53247
0.51304
0.52966
0.51082
0.52119
0.48430
0.51121
0.50802
0.53363
0.51282
0.48430
0.53478
0.48936
0.53363
0.50847
0.51082
0.51046
0.53750
0.53247
0.52564
0.52083
0.51502
0.50855
0.48430
0.53191
0.53247
0.53595
0.52889
0.53125
0.53247
0.50532
0.53275
0.54260
0.48430
0.51613
0.53247
0.53304
0.53097
0.50215
0.53419
0.53125
0.54430
0.53279
0.50644
0.43644
0.54260
0.52174
0.48430
0.53947
0.48430
0.53419
0.54585
0.48430
0.52321
0.51681
0.54260
0.51304
0.53419
0.48430
0.48430
0.48430
0.53419
0.48430
0.54583
0.52439
0.53363
0.52459
0.52915
0.52915
0.52917
0.52915
0.57018
0.51489
0.54167
0.51082
0.50833
0.48661
0.51073
0.52915
0.51515
0.53521
0.48430
0.54918
0.47938
0.52863
0.51931
0.47423
0.51121
0.48430
0.48430
0.52889
0.52459
0.48430
0.53419
0.48430
0.48430
0.48430
0.54260
0.50644
0.54260
0.52917
0.48430
0.52229
0.48661
0.52915
0.52915
0.52500
0.53097
0.48430
0.50644
0.52564
0.53247
0.51309
0.51124
0.53247
0.50000
0.53247
0.53419
0.53279
0.53363
0.51121
0.51515
0.53219
0.51101
0.47788
0.51515
0.48430
0.51931
0.57143
0.50215
0.53991
0.52018
0.47982
0.53125
0.48198
0.54260
0.53744
0.50644
0.54113
0.53279
0.53333
0.52551
0.48214
0.50785
0.47805
0.50855
0.48430
0.51515
0.52459
0.52915
0.52889
0.53648
0.51515
0.51055
0.53247
0.48430
0.49206
0.51304
0.52863
0.51261
0.52315
0.48430
0.48430
0.51261
0.53070
0.52966
0.53070
0.52966
0.51230
0.48430
0.53814
0.53279
0.53247
0.48325
0.48430
0.50855
0.51515
0.53252
0.48430
0.42373
0.50289
0.48214
0.53043
0.53812
0.48430
0.52863
0.52915
0.48430
0.50649
0.52915
0.52500
0.53279
0.48430
0.53333
0.51515
0.51515
0.47692
0.52679
0.54260
0.47982
0.53247
0.52083
0.52459
0.51230
0.52915
0.49007
0.53247
0.53219
0.51082
0.53279
0.51923
0.52915
0.50833
0.52915
0.50833
0.48430
0.48430
0.48309
0.50901
0.48430
0.52814
0.54661
0.50847
0.48430
0.53419
0.51570
0.53043
0.53419
0.48214
0.52315
0.48430
0.53247
0.51502
0.52655
0.51082
0.48430
0.53279
0.48661
0.49580
0.52915
0.50673
0.54037
0.54260
0.48430
0.54808
0.53043
0.48430
0.51282
0.51244
0.52653
0.53043
0.51477
0.52459
0.53419
0.52917
0.51282
0.56701
0.53304
0.52083
0.48430
0.48430
0.54464
0.52521
0.51304
0.52679
0.57143
0.48430
0.52525
0.53247
0.51121
0.52018
0.53247
0.53247
0.53097
0.51667
0.48430
0.48430
0.51121
0.53589
0.52966
0.48430
0.52863
0.51020
0.52915
0.54054
0.52915
0.50993
0.51282
0.52915
0.53043
0.48430
0.50224
0.53636
0.48430
0.53390
0.52542
0.51121
0.52915
0.53586
0.51691
0.51304
0.51121
0.48430
0.52863
0.52915
0.53279
0.51982
0.48430
0.52381
0.53043
0.48430
0.48430
0.51073
0.52439
0.53247
0.51705
0.52535
0.51082
0.53617
0.51515
0.52258
0.51082
0.51477
0.48430
0.52500
0.48430
0.48430
0.53043
0.52459
0.50644
0.52915
0.50259
0.48430
0.52915
0.52863
0.50673
0.51515
0.42373
0.54260
0.53247
0.50855
0.54260
0.53125
0.51121
0.51121
0.53043
0.53247
0.51304
0.48430
0.48430
0.51073
0.52915
0.52655
0.53043
0.51309
0.50838
0.51515
0.50644
0.51055
0.48430
0.51121
0.54260
0.53648
0.57205
0.53219
0.51244
0.54583
0.53043
0.51121
0.48430
0.42735
0.52459
0.51570
0.47982
0.48430
0.48430
0.51442
0.52889
0.53125
0.48430
0.53219
0.48430
0.52174
0.52915
0.53247
0.52863
0.56951
0.51786
0.51515
0.48430
0.53043
0.48430
0.50424
0.48430
0.53247
0.50691
0.52915
0.48430
0.52655
0.54583
0.53247
0.54583
0.53247
0.51875
0.52915
0.51282
0.53182
0.52083
0.53247
0.51502
0.53419
0.52018
0.51515
0.53419
0.52915
0.53363
0.48430
0.54260
0.48430
0.48430
0.49735
0.51515
0.51304
0.52917
0.48430
0.53304
0.52018
0.52703
0.48430
0.53097
0.53247
0.52101
0.52915
0.52915
0.51304
0.53304
0.53219
0.48430
0.54430
0.48430
0.48430
0.52703
0.53648
0.53125
0.51230
0.53247
0.54222
0.50649
0.51528
0.52459
0.53363
0.51082
0.51304
0.52018
0.47872
0.51073
0.52489
0.51628
0.50746
0.48430
0.48430
0.52535
0.48430
0.48430
0.53070
0.50649
0.48430
0.50847
0.53617
0.54260
0.48430
0.53247
0.48430
0.51515
0.53247
0.49468
0.54028
0.48430
0.51515
0.50673
0.51429
0.48430
0.48649
0.50673
0.54505
0.53247
0.53165
0.48430
0.52542
0.48430
0.53648
0.52863
0.52915
0.48000
0.53469
0.53509
0.50649
0.48430
0.53219
0.48430
0.51613
0.52915
0.57205
0.53247
0.48430
0.53252
0.52915
0.48430
0.48430
0.54430
0.53247
0.53419
0.48430
0.48661
0.52863
0.48430
0.53070
0.52315
0.53247
0.52018
0.48430
0.48214
0.50649
0.53247
0.48430
0.51502
0.48430
0.53247
0.48430
0.53247
0.52915
0.48430
0.54430
0.53304
0.53247
0.52814
0.50855
0.48430
0.48430
0.48430
0.52423
0.53247
0.50711
0.53333
0.52915
0.51075
0.51230
0.52381
0.54430
0.52790
0.48214
0.53247
0.48430
0.48430
0.48430
0.48661
0.48430
0.48018
0.48430
0.52915
0.53247
0.53247
0.52966
0.52915
0.52227
0.51724
0.52869
0.53219
0.53333
0.52119
0.50667
0.50980
0.48430
0.53247
0.48430
0.52915
0.53448
0.50855
0.48529
0.51931
0.50556
0.51515
0.54202
0.53247
0.52083
0.52475
0.52381
0.53419
0.49351
0.53247
0.48430
0.50855
0.51515
0.52863
0.48430
0.50777
0.53419
0.54260
0.51528
0.53219
0.48430
0.51867
0.52790
0.51271
0.48500
0.51316
0.51327
0.52423
0.50769
0.43446
0.49351
0.52863
0.48430
0.52915
0.52752
0.53846
0.51515
0.53279
0.53478
0.51974
0.48430
0.52511
0.51822
0.51515
0.48430
0.53247
0.52632
0.51515
0.54032
0.52863
0.53247
0.52119
0.52361
0.48198
0.50847
0.52308
0.48661
0.53247
0.54237
0.48661
0.51681
0.53043
0.48430
0.53219
0.48430
0.48430
0.54430
0.41818
0.52315
0.56332
0.48430
0.53219
0.47802
0.48430
0.52466
0.48430
0.51073
0.53247
0.53043
0.50855
0.50769
0.48430
0.52915
0.52018
0.53247
0.53814
0.48661
0.52917
0.53219
0.52679
0.54430
0.52018
0.53247
0.51073
0.51813
0.52869
0.53043
0.48430
0.51230
0.53247
0.48430
0.51709
0.48430
0.54260
0.52846
0.52915
0.50833
0.48430
0.54918
0.52459
0.48430
0.52535
0.53097
0.53061
0.52697
0.52814
0.48214
0.53247
0.53279
0.53043
0.50000
0.52915
0.53648
0.52915
0.53425
0.53247
0.52018
0.48430
0.52609
0.48430
0.48430
0.52653
0.48430
0.52863
0.51121
0.48430
0.52915
0.53363
0.50847
0.48430
0.53219
0.53293
0.48430
0.47403
0.51515
0.53275
0.48430
0.51282
0.48661
0.48430
0.52915
0.53247
0.53363
0.50847
0.48430
0.52459
0.48000
0.51121
0.52018
0.51282
0.51323
0.52361
0.52018
0.48430
0.54918
0.53913
0.48430
0.52703
0.52863
0.51073
0.53279
0.50435
0.53390
0.53617
0.48430
0.53879
0.51309
0.48430
0.47982
0.48430
0.52790
0.52083
0.51502
0.52174
0.52361
0.48430
0.53617
0.53247
0.52863
0.52766
0.50644
0.51111
0.52155
0.48430
0.51124
0.54260
0.48214
0.51271
0.48430
0.53478
0.52915
0.53247
0.52880
0.53247
0.52083
0.53219
0.51695
0.53419
0.51709
0.52083
0.48430
0.53247
0.49682
0.52863
0.51515
0.51121
0.52915
0.51304
0.53456
0.48214
0.53043
0.46188
0.52500
0.53419
0.50855
0.51709
0.55157
0.51055
0.50847
0.48430
0.48430
0.53247
0.53219
0.53279
0.48430
0.53419
0.48020
0.52889
0.52018
0.48661
0.54260
0.51121
0.48430
0.53448
0.48430
0.48430
0.51502
0.52863
0.51381
0.51220
0.52863
0.54717
0.53247
0.48430
0.48430
0.48430
0.48430
0.50761
0.51121
0.54167
0.48214
0.48430
0.51570
0.52863
0.52703
0.48430
0.53125
0.53750
0.48430
0.53247
0.51515
0.52915
0.52535
0.53419
0.51515
0.53043
0.52880
0.51515
0.51515
0.52915
0.46414
0.53219
0.51055
0.50673
0.51121
0.52315
0.54018
0.51121
0.52018
0.52752
0.53247
0.51489
0.50649
0.53247
0.48430
0.48430
0.52653
0.48430
0.52083
0.48430
0.52915
0.53252
0.53441
0.48430
0.51082
0.53252
0.51082
0.51489
0.52439
0.53211
0.52941
0.54237
0.48430
0.51250
0.51293
0.48430
0.51282
0.52655
0.50840
0.53219
0.51282
0.52703
0.51230
0.52083
0.53419
0.48430
0.53043
0.50649
0.48430
0.52466
0.52459
0.51724
0.51055
0.53419
0.50568
0.53219
0.51477
0.48430
0.48430
0.48430
0.48430
0.51709
0.53333
0.53419
0.52917
0.53247
0.51515
0.54260
0.53419
0.51121
0.51323
0.50754
0.48430
0.53043
0.48756
0.50633
0.51121
0.48430
0.49776
0.52525
0.48430
0.53419
0.52703
0.48430
0.51323
0.51299
0.51282
0.53247
0.52863
0.52863
0.48182
0.53061
0.52915
0.52915
0.50649
0.50644
0.54260
0.48018
0.52074
0.48430
0.53302
0.52703
0.54245
0.52814
0.54583
0.48430
0.52586
0.52018
0.48430
0.52439
0.51980
0.48430
0.48430
0.48430
0.52321
0.48430
0.53247
0.51121
0.54583
0.53017
0.48430
0.53419
0.52790
0.48430
0.51073
0.53165
0.48649
0.52459
0.53219
0.54430
0.51073
0.52764
0.48430
0.55111
0.51515
0.51082
0.50833
0.51073
0.48430
0.52500
0.52444
0.50431
0.50739
0.50649
0.53247
0.48430
0.48430
0.48430
0.52439
0.48430
0.55000
0.48430
0.53419
0.53043
0.53363
0.50450
0.48430
0.53247
0.42735
0.48430
0.50855
0.48430
0.51596
0.52459
0.48430
0.48430
0.54113
0.54911
0.48430
0.51445
0.53648
0.54425
0.54260
0.53247
0.52282
0.48430
0.50862
0.51282
0.53070
0.52083
0.53252
0.53247
0.53247
0.52915
0.51502
0.52074
0.48430
0.48430
0.48430
0.48430
0.53419
0.53247
0.54260
0.52915
0.53469
0.54148
0.51304
0.50649
0.53252
0.43644
0.53211
0.48430
0.48430
0.48430
0.56769
0.53247
0.52261
0.54260
0.52439
0.48430
0.53070
0.53279
0.48661
0.52966
0.53689
0.53448
0.53219
0.51515
0.52321
0.54260
0.53680
0.53097
0.54260
0.50000
0.53750
0.53247
0.50649
0.53219
0.53252
0.53125
0.53036
0.53247
0.48214
0.52863
0.54583
0.50633
0.48087
0.53219
0.51282
0.53043
0.51323
0.52863
0.51053
0.50833
0.50649
0.52995
0.52915
0.53279
0.52915
0.51082
0.53247
0.53279
0.48430
0.54260
0.48430
0.53017
0.52381
0.53363
0.48430
0.52814
0.54505
0.53125
0.51931
0.53448
0.48661
0.50847
0.54583
0.53304
0.48372
0.50847
0.48430
0.48430
0.48430
0.53247
0.50644
0.53846
0.53252
0.51515
0.52917
0.53363
0.53043
0.53448
0.52915
0.51121
0.52915
0.48430
0.53247
0.53363
0.52915
0.53219
0.52915
0.52000
0.51515
0.52915
0.50761
0.52915
0.51282
0.53125
0.53219
0.52915
0.53419
0.53247
0.54260
0.53043
0.48430
0.50833
0.50855
0.53070
0.52966
0.48430
0.53419
0.51515
0.54430
0.51121
0.54260
0.42105
0.53247
0.52315
0.51515
0.48430
0.52917
0.52917
0.52889
0.50847
0.49007
0.53247
0.51101
0.48430
0.48430
0.51709
0.48718
0.51073
0.53247
0.50424
0.48430
0.53333
0.51502
0.48430
0.52915
0.51802
0.51250
0.52137
0.53252
0.56951
0.54338
0.51073
0.52381
0.51073
0.51220
0.53043
0.51092
0.50435
0.52459
0.53419
0.53247
0.52535
0.48430
0.50424
0.53456
0.52459
0.53125
0.53279
0.50833
0.53333
0.47982
0.53247
0.51759
0.52703
0.48430
0.48430
0.52535
0.48214
0.48661
0.48430
0.53070
0.51271
0.48430
0.53247
0.51121
0.52889
0.52966
0.52863
0.48430
0.51500
0.52018
0.52915
0.53219
0.53648
0.49784
0.53247
0.52941
0.48430
0.48430
0.48430
0.52814
0.53419
0.48430
0.53043
0.51282
0.53219
0.55000
0.48430
0.48430
0.51515
0.52863
0.48430
0.51479
0.53306
0.52915
0.51293
0.53125
0.53247
0.48430
0.51339
0.53247
0.53247
0.52703
0.50840
0.48430
0.48430
0.52915
0.48430
0.51613
0.53750
0.53043
0.51304
0.48444
0.48430
0.50262
0.52083
0.51121
0.51915
0.48198
0.48430
0.53070
0.52252
0.52915
0.52863
0.48661
0.53304
0.53219
0.51082
0.52966
0.52439
0.48430
0.52966
0.48214
0.53043
0.53165
0.54260
0.52655
0.53125
0.52020
0.51570
0.51304
0.50833
0.51707
0.50847
0.48430
0.48430
0.53247
0.48430
0.48430
0.48430
0.51073
0.53419
0.49735
0.51515
0.51489
0.51073
0.51709
0.52261
0.52915
0.48430
0.53247
0.52885
0.52675
0.54260
0.53247
0.51515
0.51073
0.53363
0.54008
0.48500
0.51304
0.48430
0.52915
0.54088
0.54487
0.50602
0.53247
0.53182
0.50855
0.53219
0.53247
0.48430
0.52632
0.50785
0.50476
0.52917
0.52915
0.53070
0.52137
0.53247
0.54260
0.52915
0.48430
0.48430
0.48430
0.48430
0.53279
0.48430
0.51899
0.52915
0.54018
0.53731
0.50667
0.52915
0.50943
0.52863
0.51515
0.48430
0.53165
0.52655
0.53247
0.53017
0.53165
0.53659
0.54260
0.50000
0.51502
0.48430
0.50649
0.53279
0.53814
0.54583
0.53219
0.53125
0.53448
0.53043
0.54583
0.53247
0.53617
0.52193
0.50847
0.52222
0.55804
0.53680
0.55869
0.40417
0.48333
0.48879
0.49074
0.44355
0.54260
0.55066
0.50649
0.52915
0.51477
0.52471
0.41434
0.43750
0.55066
0.53247
0.53363
0.39086
0.55932
0.55022
0.53846
0.52232
0.52074
0.53363
0.52074
0.44240
0.52000
0.52036
0.53509
0.43038
0.54472
0.52074
0.52036
0.53363
0.56502
0.58403
0.46544
0.51613
0.55022
0.56021
0.56957
0.55605
0.58403
0.41597
0.56021
0.55157
0.51570
0.52321
0.41975
0.52321
0.47826
0.55263
0.54667
0.55000
0.52511
0.46186
0.41270
0.52632
0.52752
0.55230
0.41569
0.55157
0.52074
0.49593
0.52074
0.40964
0.52074
0.41202
0.53586
0.52074
0.39785
0.40833
0.41152
0.42396
0.46083
0.52752
0.52074
0.41350
0.52917
0.52361
0.52000
0.49780
0.52991
0.52489
0.47115
0.53917
0.40741
0.54825
0.45078
0.55274
0.52074
0.50917
0.54274
0.56170
0.51982
0.41532
0.56019
0.52119
0.51739
0.52074
0.53363
0.56170
0.48000
0.56170
0.42149
0.49167
0.51786
0.53846
0.42396
0.53548
0.46448
0.50000
0.51546
0.53043
0.41975
0.55000
0.41841
0.52074
0.39888
0.48319
0.52074
0.53363
0.56170
0.52119
0.53846
0.52074
0.52074
0.47982
0.49268
0.56504
0.51570
0.40299
0.51570
0.48649
0.55000
0.53093
0.52074
0.52074
0.47085
0.46154
0.52074
0.52995
0.45217
0.52915
0.52915
0.55157
0.51570
0.40816
0.56170
0.52074
0.50820
0.53540
0.53247
0.55605
0.50638
0.43046
0.52074
0.55024
0.52074
0.51570
0.52074
0.53052
0.54626
0.56250
0.49309
0.45291
0.54260
0.56019
0.50649
0.56696
0.55102
0.54709
0.55804
0.52074
0.41350
0.45495
0.55417
0.52564
0.40417
0.42623
0.54237
0.52294
0.52074
0.55752
0.55000
0.40000
0.55983
0.56356
0.53211
0.55274
0.46296
0.51598
0.54709
0.48718
0.52294
0.52321
0.41434
0.44843
0.52018
0.51739
0.47085
0.47137
0.53812
0.56250
0.45161
0.53478
0.58921
0.57273
0.41569
0.48739
0.52018
0.51822
0.48101
0.52074
0.45291
0.52074
0.52074
0.41494
0.56502
0.53571
0.52074
0.43946
0.50427
0.47534
0.55983
0.46083
0.52074
0.52321
0.53138
0.45291
0.55696
0.51124
0.58850
0.51397
0.53456
0.54508
0.54812
0.55605
0.51570
0.54286
0.41296
0.55144
0.53478
0.56170
0.39171
0.53917
0.52074
0.41350
0.51531
0.55459
0.52018
0.52074
0.54455
0.54709
0.51892
0.55804
0.43038
0.40116
0.49780
0.53363
0.53363
0.52074
0.53363
0.41434
0.48198
0.45291
0.40833
0.39904
0.46429
0.52074
0.48851
0.51570
0.58228
0.56502
0.51739
0.55605
0.57600
0.56379
0.43038
0.52105
0.48305
0.39521
0.52074
0.41365
0.41732
0.55696
0.52074
0.55459
0.41627
0.48018
0.56118
0.55066
0.48837
0.51124
0.51835
0.55605
0.54709
0.52074
0.54709
0.50000
0.53571
0.41152
0.51121
0.51835
0.52074
0.51570
0.57328
0.52778
0.55605
0.41772
0.52119
0.43933
0.41667
0.56170
0.54098
0.54237
0.51570
0.41296
0.55066
0.45740
0.47137
0.56327
0.48523
0.54585
0.58482
0.52000
0.43220
0.57377
0.45291
0.40807
0.51397
0.52915
0.52381
0.51570
0.40928
0.52915
0.48305
0.52535
0.55605
0.45291
0.56604
0.45291
0.46888
0.43590
0.52074
0.52074
0.52500
0.40586
0.52660
0.51695
0.54630
0.52995
0.55022
0.45291
0.46083
0.43933
0.53465
0.53846
0.55157
0.51899
0.52074
0.53608
0.55300
0.39367
0.52074
0.52074
0.52074
0.54911
0.54709
0.47982
0.52074
0.55605
0.51464
0.55000
0.42387
0.56680
0.54709
0.56019
0.52466
0.55000
0.49074
0.54077
0.55022
0.38983
0.39904
0.46444
0.52083
0.45291
0.52564
0.52074
0.53234
0.42083
0.50431
0.52074
0.55605
0.52074
0.41772
0.54430
0.51570
0.45291
0.41797
0.56250
0.52361
0.41532
0.48469
0.54430
0.53879
0.52074
0.56170
0.51570
0.52564
0.51613
0.52074
0.53252
0.52074
0.40833
0.42083
0.55085
0.51570
0.55605
0.55932
0.52542
0.40664
0.55300
0.55022
0.55779
0.55300
0.54425
0.39720
0.52074
0.41475
0.47085
0.50218
0.52000
0.50000
0.55300
0.52018
0.40833
0.40000
0.40506
0.53917
0.45291
0.42387
0.45291
0.52466
0.54545
0.56303
0.52137
0.55000
0.55042
0.52074
0.52074
0.39378
0.41772
0.41089
0.54274
0.52743
0.52917
0.53363
0.53812
0.48523
0.52074
0.55605
0.52018
0.56250
0.52294
0.57214
0.55157
0.52074
0.55172
0.45291
0.39024
0.51064
0.45098
0.43590
0.55833
0.58403
0.41339
0.56250
0.55411
0.52321
0.51852
0.54468
0.50000
0.55752
0.52511
0.40833
0.54709
0.51181
0.54783
0.58228
0.55066
0.54245
0.51570
0.55932
0.52074
0.52074
0.46083
0.55605
0.52511
0.52074
0.52074
0.50220
0.52610
0.48444
0.54260
0.49425
0.53363
0.49479
0.49776
0.53363
0.52155
0.41011
0.42213
0.45291
0.56504
0.41152
0.40928
0.52083
0.52406
0.52074
0.52018
0.49770
0.55263
0.48018
0.52917
0.40654
0.53846
0.48485
0.53947
0.45622
0.41176
0.55844
0.53070
0.52995
0.52062
0.54852
0.52451
0.47085
0.51759
0.50218
0.41152
0.49167
0.55814
0.41036
0.51502
0.53363
0.41772
0.52074
0.52074
0.46429
0.45291
0.52074
0.52321
0.53917
0.49776
0.51570
0.47926
0.48000
0.55605
0.53731
0.52041
0.51556
0.48305
0.52074
0.52321
0.54378
0.55814
0.40455
0.51570
0.45291
0.56019
0.48523
0.45089
0.45089
0.52119
0.57676
0.52321
0.52074
0.51266
0.50628
0.52564
0.53247
0.54128
0.55000
0.55605
0.55932
0.51852
0.52074
0.55157
0.41772
0.54936
0.40417
0.53750
0.54936
0.45291
0.52036
0.43460
0.50855
0.55022
0.52074
0.52018
0.47468
0.52381
0.52074
0.41152
0.52321
0.53363
0.54508
0.55066
0.46544
0.53061
0.51250
0.52273
0.51739
0.52074
0.52074
0.41475
0.51121
0.56250
0.50220
0.55072
0.52074
0.54185
0.52074
0.53750
0.53812
0.53023
0.49593
0.48430
0.52466
0.48295
0.52466
0.56647
0.52074
0.41772
0.52018
0.45982
0.54701
0.49776
0.53571
0.52055
0.52489
0.41475
0.41148
0.52074
0.52074
0.52074
0.56277
0.52778
0.41732
0.54783
0.49167
0.53763
0.52074
0.55605
0.41475
0.52074
0.40132
0.52074
0.56637
0.51053
0.49776
0.52018
0.44240
0.54661
0.49776
0.52657
0.51835
0.58403
0.55556
0.45455
0.56250
0.56466
0.56019
0.40167
0.53363
0.53363
0.53125
0.53061
0.52717
0.55947
0.52074
0.41589
0.49673
0.54656
0.40928
0.49167
0.52917
0.53247
0.55605
0.55605
0.52018
0.43946
0.55405
0.56379
0.56019
0.55376
0.52074
0.53363
0.58599
0.51667
0.50691
0.53917
0.52062
0.53363
0.50215
0.52074
0.51515
0.51570
0.52074
0.51596
0.52915
0.53712
0.55649
0.51739
0.55605
0.56504
0.51739
0.54622
0.52119
0.41569
0.41475
0.56170
0.52018
0.52074
0.54260
0.55357
0.46222
0.52074
0.53608
0.53812
0.55844
0.58921
0.52074
0.45291
0.47500
0.53363
0.55263
0.58228
0.52018
0.56170
0.52074
0.41767
0.56502
0.40000
0.52321
0.54839
0.52074
0.52074
0.53363
0.56170
0.53125
0.51570
0.42678
0.51339
0.52381
0.41732
0.55066
0.55357
0.40928
0.40506
0.52074
0.52074
0.40506
0.48963
0.52074
0.52074
0.56696
0.55833
0.50746
0.40833
0.47137
0.54260
0.52511
0.53648
0.56466
0.52074
0.51111
0.52917
0.52361
0.50901
0.52074
0.52074
0.53960
0.48458
0.54508
0.55417
0.52036
0.52525
0.52074
0.53093
0.53814
0.52074
0.44240
0.53363
0.52074
0.48372
0.45291
0.55022
0.52381
0.52521
0.50980
0.52018
0.40664
0.48018
0.55605
0.52766
0.50218
0.52074
0.40667
0.52074
0.56019
0.52294
0.41475
0.55128
0.53333
0.53363
0.45291
0.58482
0.52252
0.40833
0.56502
0.52321
0.55157
0.51570
0.48018
0.55605
0.54709
0.52074
0.52018
0.52074
0.52232
0.51570
0.48696
0.43617
0.39355
0.41284
0.52018
0.41700
0.56466
0.53814
0.39669
0.52074
0.52915
0.56957
0.53878
0.52910
0.55066
0.52915
0.53617
0.46154
0.55328
0.54918
0.50435
0.52083
0.53478
0.55967
0.51695
0.55605
0.55556
0.55157
0.54783
0.51570
0.49296
0.56735
0.52074
0.39720
0.53917
0.55702
0.55825
0.50224
0.52074
0.46154
0.52869
0.53478
0.52119
0.52915
0.50220
0.52119
0.58228
0.54867
0.50220
0.53165
0.52074
0.52511
0.45291
0.52800
0.52018
0.51570
0.55804
0.40373
0.52018
0.55157
0.41107
0.49074
0.40833
0.52074
0.47186
0.52074
0.51570
0.52119
0.47982
0.56652
0.52361
0.52074
0.52074
0.40167
0.52074
0.58228
0.52074
0.41350
0.58403
0.52074
0.51152
0.53182
0.47059
0.53456
0.41772
0.53363
0.52535
0.55983
0.52917
0.51570
0.49145
0.52147
0.45192
0.54839
0.55085
0.54455
0.40373
0.52074
0.54709
0.58228
0.55300
0.52535
0.46835
0.56250
0.40833
0.52466
0.52321
0.55263
0.52018
0.52074
0.45291
0.41200
0.52074
0.46970
0.55042
0.49746
0.53881
0.49785
0.55066
0.42396
0.52137
0.55603
0.39623
0.52074
0.55157
0.46552
0.47085
0.57692
0.60905
0.52074
0.52195
0.41569
0.55714
0.52018
0.41772
0.49554
0.50220
0.46083
0.48879
0.53500
0.51064
0.56379
0.41453
0.52074
0.38914
0.52074
0.51570
0.56250
0.55157
0.40486
0.53456
0.55157
0.52469
0.43269
0.53812
0.52018
0.52074
0.50220
0.54709
0.52074
0.41732
0.55022
0.42152
0.43460
0.52033
0.39375
0.51570
0.52074
0.55932
0.52074
0.52535
0.53363
0.52321
0.52995
0.53363
0.52074
0.52074
0.45291
0.52074
0.41975
0.59091
0.55157
0.49074
0.54709
0.54825
0.51570
0.43460
0.54378
0.52074
0.55300
0.51982
0.52036
0.58678
0.41322
0.55505
0.40833
0.58051
0.56000
0.49167
0.56250
0.54852
0.52018
0.41004
0.54260
0.56327
0.49776
0.40586
0.55300
0.47500
0.45291
0.56170
0.41975
0.45291
0.52074
0.48696
0.52074
0.53680
0.39604
0.51648
0.51570
0.55602
0.55357
0.51570
0.55157
0.53086
0.50481
0.45291
0.55605
0.52915
0.55066
0.53680
0.52427
0.52294
0.55411
0.54839
0.52074
0.52074
0.51570
0.52074
0.38554
0.41224
0.52074
0.52018
0.45291
0.50218
0.56170
0.40928
0.52074
0.52074
0.53814
0.52074
0.47926
0.52657
0.47534
0.41339
0.52074
0.56250
0.52917
0.51739
0.55300
0.52074
0.52119
0.42347
0.51570
0.55983
0.52074
0.51777
0.49074
0.43220
0.53419
0.50711
0.49776
0.52381
0.47085
0.52074
0.57202
0.52074
0.53478
0.52018
0.56338
0.54709
0.58667
0.55983
0.51570
0.46188
0.50691
0.51948
0.41475
0.51786
0.45789
0.51982
0.54918
0.52074
0.52000
0.54852
0.51282
0.55605
0.50711
0.52074
0.53917
0.52018
0.45417
0.52074
0.52778
0.54260
0.55066
0.53390
0.52966
0.55000
0.52074
0.52074
0.52083
0.53812
0.51570
0.38554
0.51121
0.41732
0.53363
0.56696
0.53363
0.48444
0.41096
0.40711
0.56504
0.52074
0.56332
0.55833
0.52018
0.55605
0.47321
0.51477
0.55605
0.53670
0.52632
0.55046
0.41152
0.52466
0.40833
0.46544
0.52915
0.52074
0.48819
0.52018
0.56356
0.52018
0.41935
0.51570
0.55066
0.54378
0.38693
0.53488
0.52074
0.47085
0.52074
0.50218
0.54839
0.52074
0.48205
0.55607
0.50220
0.52991
0.55804
0.52074
0.55155
0.40517
0.50435
0.53363
0.52074
0.49537
0.43460
0.41909
0.51546
0.55066
0.46970
0.52074
0.52074
0.41339
0.55155
0.53211
0.52321
0.56502
0.54839
0.43220
0.54709
0.52679
0.48768
0.52155
0.49776
0.51542
0.52018
0.52466
0.50218
0.45815
0.52074
0.51948
0.42000
0.52074
0.51795
0.56502
0.56170
0.52252
0.52074
0.46083
0.52198
0.46083
0.52273
0.51626
0.51931
0.41667
0.52074
0.52294
0.58482
0.52074
0.53363
0.40083
0.55605
0.51802
0.51915
0.49590
0.40586
0.50220
0.46083
0.56250
0.52074
0.45291
0.46544
0.55932
0.55066
0.47222
0.53363
0.55833
0.53648
0.46531
0.49776
0.46584
0.51570
0.53036
0.45872
0.52838
0.58228
0.57480
0.52795
0.40741
0.52074
0.50215
0.52041
0.50218
0.54918
0.53571
0.53363
0.54508
0.54701
0.52074
0.51121
0.52074
0.40506
0.47137
0.53571
0.52074
0.48848
0.58772
0.52083
0.40678
0.53363
0.50000
0.53670
0.46188
0.52083
0.54661
0.52074
0.40928
0.53586
0.41475
0.52361
0.55605
0.51741
0.53363
0.53556
0.53478
0.40686
0.52439
0.53363
0.56502
0.56140
0.52294
0.52153
0.56502
0.41475
0.47982
0.51163
0.52018
0.40845
0.53138
0.53363
0.52609
0.53731
0.41270
0.53670
0.40873
0.54211
0.40417
0.40586
0.40887
0.54825
0.53812
0.41667
0.46914
0.55085
0.53456
0.55932
0.52915
0.46083
0.52301
0.56170
0.53165
0.55357
0.54709
0.52074
0.51739
0.55417
0.54583
0.53374
0.54260
0.55696
0.58482
0.54661
0.41365
0.55066
0.44240
0.51948
0.52074
0.48187
0.52459
0.53617
0.55157
0.57477
0.52252
0.55605
0.53680
0.55605
0.52790
0.45291
0.52232
0.52991
0.56118
0.52466
0.47926
0.51795
0.51795
0.48305
0.52294
0.42152
0.45291
0.52147
0.53478
0.48305
0.43506
0.56118
0.56281
0.53689
0.52074
0.58482
0.52697
0.52655
0.52915
0.54709
0.46581
0.52018
0.52074
0.55122
0.48837
0.51570
0.52315
0.52074
0.54978
0.52294
0.52074
0.52119
0.51220
0.39752
0.50218
0.52632
0.45089
0.52074
0.50867
0.42083
0.52074
0.52074
0.55263
0.52074
0.52915
0.41704
0.55417
0.52074
0.55947
0.52321
0.55300
0.40000
0.49784
0.52632
0.55300
0.55605
0.52814
0.52968
0.52074
0.44843
0.52000
0.39111
0.52018
0.55072
0.54839
0.38974
0.54274
0.40928
0.49112
0.52074
0.54709
0.52074
0.52074
0.49167
0.52915
0.40816
0.51570
0.49776
0.52466
0.56349
0.55365
0.41667
0.52074
0.49074
0.50427
0.54751
0.55066
0.42152
0.52915
0.51923
0.51786
0.43889
0.52489
0.46626
0.52074
0.51759
0.47556
0.41011
0.43284
0.57265
0.52155
0.55556
0.58482
0.52466
0.53017
0.53917
0.55157
0.52315
0.54709
0.52915
0.56148
0.40952
0.39565
0.56250
0.54464
0.52074
0.55605
0.55093
0.50000
0.52074
0.41667
0.52074
0.52119
0.55200
0.46581
0.52321
0.55274
0.53586
0.41633
0.58482
0.39752
0.52018
0.54274
0.55605
0.47085
0.52991
0.41350
0.54274
0.45291
0.53363
0.56356
0.53226
0.54709
0.52074
0.55000
0.51570
0.53125
0.55066
0.55000
0.51570
0.42083
0.52074
0.50230
0.40580
0.45205
0.52074
0.45161
0.51570
0.53503
0.53363
0.51534
0.40394
0.55983
0.56170
0.51295
0.56327
0.51613
0.56054
0.56502
0.55157
0.51570
0.53275
0.52838
0.52074
0.52074
0.56118
0.54661
0.51948
0.52074
0.52119
0.55066
0.55605
0.48387
0.45291
0.52074
0.45291
0.55066
0.47768
0.51695
0.52074
0.52074
0.49074
0.53680
0.52321
0.55983
0.44240
0.40517
0.39752
0.55300
0.48018
0.52995
0.51570
0.51942
0.47826
0.55357
0.53304
0.45291
0.56502
0.47137
0.53623
0.50000
0.56696
0.52995
0.39706
0.41333
0.52301
0.45291
0.54472
0.40909
0.54430
0.54709
0.41667
0.52239
0.45495
0.44167
0.50435
0.52074
0.52074
0.51082
0.45291
0.46018
0.56250
0.55605
0.54583
0.52137
0.52074
0.40833
0.52147
0.54812
0.39796
0.41434
0.52074
0.42387
0.52074
0.50427
0.52074
0.53363
0.52119
0.53211
0.52511
0.40928
0.42396
0.56444
0.41667
0.52381
0.55066
0.43850
0.56504
0.49074
0.50218
0.55022
0.55288
0.50216
0.45291
0.41463
0.53704
0.56118
0.39378
0.54854
0.40476
0.51570
0.53456
0.52074
0.42515
0.56250
0.52321
0.51570
0.53456
0.45490
0.52915
0.52074
0.51695
0.53219
0.48347
0.42562
0.52074
0.41200
0.55189
0.53913
0.53191
0.58482
0.41176
0.56250
0.52074
0.58403
0.53363
0.56170
0.51570
0.52074
0.43318
0.55605
0.52101
0.41315
0.55310
0.41732
0.52074
0.49776
0.49776
0.41270
0.51570
0.52074
0.52018
0.52074
0.55022
0.54255
0.53617
0.53680
0.54148
0.55157
0.53636
0.52074
0.39908
0.54113
0.41732
0.52074
0.39904
0.47005
0.45622
0.52000
0.55066
0.56502
0.43460
0.53363
0.52340
0.55605
0.52074
0.46725
0.52294
0.48696
0.45815
0.52402
0.53110
0.55459
0.54911
0.52790
0.55508
0.53125
0.41350
0.55157
0.45089
0.51802
0.54955
0.52074
0.55652
0.56557
0.41797
0.52074
0.55300
0.41500
0.55605
0.52074
0.54018
0.41667
0.52915
0.56019
0.53608
0.52074
0.52074
0.55217
0.52915
0.52074
0.54709
0.52727
0.52074
0.52790
0.53465
0.52018
0.52917
0.47926
0.47347
0.52074
0.41463
0.48963
0.43220
0.46296
0.52119
0.56502
0.51570
0.41379
0.56951
0.55085
0.52036
0.45982
0.53363
0.55066
0.51570
0.41667
0.41152
0.49778
0.55508
0.52609
0.52018
0.54237
0.40833
0.43590
0.58403
0.58921
0.45291
0.55300
0.51546
0.52119
0.41129
0.58228
0.52915
0.51835
0.48305
0.52174
0.52212
0.53363
0.53812
0.40084
0.41102
0.52036
0.55022
0.52915
0.51835
0.55066
0.51570
0.52915
0.52074
0.52074
0.55217
0.55157
0.56502
0.55417
0.56250
0.50218
0.55263
0.40928
0.52018
0.51570
0.55340
0.52521
0.52915
0.48696
0.58776
0.55066
0.53648
0.52074
0.49776
0.60662
0.56504
0.43460
0.40796
0.50218
0.42857
0.54430
0.51802
0.55204
0.46581
0.52511
0.48404
0.52074
0.47556
0.43220
0.52074
0.52119
0.52074
0.55804
0.40928
0.51739
0.46354
0.52074
0.44240
0.46330
0.56303
0.48927
0.53571
0.51570
0.43460
0.52074
0.52511
0.53153
0.41365
0.39744
0.55066
0.53125
0.47111
0.52074
0.50521
0.52074
0.55157
0.55066
0.49776
0.52846
0.57511
0.52239
0.51570
0.40741
0.54237
0.47926
0.52018
0.41772
0.45622
0.47115
0.40097
0.48523
0.52074
0.52074
0.46544
0.52074
0.48485
0.42083
0.48879
0.50607
0.49074
0.45291
0.53571
0.52153
0.41365
0.45291
0.52147
0.50673
0.49776
0.47137
0.54378
0.53917
0.47005
0.53052
0.41667
0.39336
0.52133
0.52321
0.52074
0.53648
0.41772
0.52790
0.41322
0.52119
0.50435
0.55357
0.45872
0.41079
0.55300
0.50649
0.39086
0.52074
0.54583
0.55605
0.52074
0.55605
0.48523
0.52917
0.44503
0.45291
0.41393
0.51835
0.52074
0.44843
0.48430
0.55022
0.50215
0.54839
0.55085
0.55605
0.52174
0.41772
0.52074
0.40833
0.53363
0.40719
0.41453
0.40586
0.45740
0.55696
0.41475
0.53456
0.53506
0.41423
0.54065
0.48908
0.54167
0.45291
0.53879
0.50000
0.56502
0.40928
0.40664
0.52321
0.51293
0.48018
0.56388
0.49167
0.42500
0.41935
0.53275
0.58228
0.52119
0.52074
0.52018
0.41564
0.54709
0.52074
0.40833
0.53081
0.52564
0.47150
0.52074
0.45291
0.52018
0.56303
0.55696
0.58403
0.52294
0.46835
0.49561
0.57143
0.52074
0.55066
0.55605
0.54918
0.52074
0.41129
0.49537
0.52074
0.48430
0.47771
0.52074
0.52404
0.53363
0.42331
0.52083
0.50439
0.46341
0.54701
0.47826
0.40249
0.55195
0.41304
0.45291
0.52074
0.45291
0.52074
0.56502
0.52743
0.55459
0.51613
0.52294
0.52074
0.46809
0.40249
0.50442
0.52790
0.52564
0.45291
0.56250
0.50224
0.52074
0.52074
0.52018
0.54589
0.49780
0.56054
0.40833
0.54709
0.45291
0.52074
0.48819
0.45161
0.51598
0.51613
0.55556
0.55814
0.48760
0.41667
0.51082
0.55605
0.52074
0.52074
0.56502
0.54008
0.55605
0.51570
0.43590
0.55300
0.42460
0.53138
0.53712
0.56019
0.52466
0.53917
0.54508
0.52018
0.41284
0.41732
0.56019
0.41176
0.44845
0.51477
0.52232
0.51515
0.52074
0.52074
0.54911
0.52074
0.51570
0.40756
0.52991
0.54077
0.52074
0.45370
0.52321
0.52074
0.52074
0.55274
0.52119
0.51570
0.55022
0.57265
0.55760
0.50439
0.55508
0.52521
0.45291
0.40625
0.41434
0.53659
0.45455
0.52521
0.53363
0.53812
0.47154
0.41667
0.52074
0.54348
0.40506
0.46800
0.52074
0.41475
0.54260
0.55411
0.40000
0.52915
0.49682
0.55605
0.58921
0.52294
0.52679
0.53917
0.55357
0.52074
0.52074
0.40833
0.52294
0.56502
0.56356
0.50424
0.50218
0.50331
0.50980
0.40833
0.51899
0.51339
0.48305
0.54237
0.58228
0.49167
0.53093
0.52917
0.55752
0.52459
0.51613
0.55157
0.46667
0.40928
0.50980
0.56170
0.43460
0.47926
0.52074
0.49372
0.53363
0.45205
0.53363
0.50220
0.48485
0.51786
0.52018
0.51613
0.43460
0.52074
0.56504
0.42291
0.54825
0.51570
0.52074
0.53812
0.58482
0.56557
0.52074
0.49074
0.52074
0.52074
0.53363
0.52321
0.55042
0.41475
0.49776
0.53456
0.55605
0.47619
0.56502
0.56951
0.50218
0.42396
0.55738
0.45291
0.41475
0.50000
0.48523
0.53456
0.51948
0.48018
0.53478
0.51948
0.56223
0.55328
0.56502
0.41152
0.45291
0.54260
0.45291
0.56923
0.54936
0.52153
0.54709
0.52321
0.52174
0.56000
0.52074
0.54661
0.52970
0.45291
0.52679
0.54077
0.58403
0.55300
0.41350
0.53917
0.41897
0.40183
0.55411
0.55274
0.48731
0.53070
0.52551
0.41434
0.50218
0.48052
0.41732
0.41434
0.40833
0.54878
0.55833
0.49776
0.55696
0.52790
0.55128
0.52074
0.56444
0.40090
0.51705
0.53125
0.54589
0.52074
0.55285
0.53571
0.47926
0.52632
0.46639
0.55300
0.44167
0.58228
0.53680
0.52074
0.40833
0.40373
0.52018
0.52294
0.51656
0.58921
0.54709
0.40206
0.54694
0.52632
0.45382
0.52074
0.49074
0.49782
0.58228
0.56170
0.48430
0.51852
0.56118
0.44889
0.53812
0.52074
0.54709
0.48498
0.52074
0.37430
0.40833
0.55000
0.53363
0.56696
0.53670
0.48636
0.45783
0.52915
0.52074
0.55983
0.40833
0.52074
0.48485
0.55556
0.54508
0.42213
0.52915
0.50000
0.56604
0.54460
0.52074
0.53363
0.52917
0.40833
0.52381
0.55411
0.56502
0.41152
0.41667
0.50691
0.40336
0.52917
0.55274
0.55932
0.44240
0.41040
0.54301
0.48963
0.52752
0.50222
0.54167
0.40637
0.55066
0.54587
0.52018
0.52074
0.41772
0.40586
0.52743
0.56000
0.45291
0.52074
0.52074
0.56170
0.53247
0.46083
0.55157
0.55022
0.56170
0.52814
0.54911
0.52074
0.46544
0.40476
0.52074
0.53680
0.52995
0.52653
0.40373
0.41772
0.52294
0.49074
0.56019
0.55263
0.55263
0.53527
0.50649
0.52968
0.54709
0.55066
0.52239
0.48523
0.52074
0.40833
0.55263
0.53363
0.55605
0.55605
0.42236
0.52074
0.56250
0.45778
0.52511
0.48523
0.41772
0.54124
0.45175
0.52074
0.47500
0.53535
0.55066
0.50218
0.54167
0.55459
0.52074
0.52558
0.47982
0.52074
0.49776
0.52294
0.41434
0.53586
0.45161
0.52074
0.49362
0.58159
0.52074
0.47982
0.54694
0.51570
0.52321
0.41004
0.47143
0.52074
0.52074
0.55932
0.52074
0.51570
0.39091
0.54508
0.52381
0.41772
0.41991
0.51366
0.52074
0.56170
0.49776
0.54237
0.50439
0.55696
0.47085
0.52074
0.55300
0.55983
0.42857
0.55605
0.40928
0.52511
0.52074
0.56667
0.44167
0.52074
0.60569
0.52535
0.52074
0.53636
0.53917
0.40741
0.52018
0.44262
0.52074
0.45291
0.56557
0.55157
0.52074
0.56118
0.55405
0.49776
0.54327
0.41772
0.55288
0.48963
0.53363
0.52018
0.47926
0.52074
0.55605
0.51835
0.42387
0.49776
0.55932
0.52074
0.52074
0.46256
0.50218
0.52511
0.43842
0.52074
0.55066
0.52444
0.41833
0.54260
0.52632
0.40586
0.54140
0.52074
0.58403
0.55285
0.52535
0.51613
0.52542
0.52174
0.51667
0.41475
0.52074
0.52018
0.48430
